0 0 0 281.908 102.606
0.005 0.715014 0.260151 83.8443 30.4815
0.01 1.06092 0.385793 57.9868 21.0387
0.015 1.31349 0.477317 44.3211 16.0364
0.02 1.51244 0.549185 35.87 12.9334
0.025 1.67659 0.608251 30.1277 10.8169
0.03 1.81632 0.658299 25.972 9.2783
0.035 1.93797 0.701639 22.8255 8.10725
0.04 2.04569 0.739781 20.3605 7.18442
0.045 2.14237 0.773773 18.3774 6.43709
0.05 2.23005 0.804365 16.7475 5.81842
0.055 2.31029 0.832118 15.3844 5.29688
0.06 2.38424 0.857459 14.2275 4.85044
0.065 2.45283 0.880721 13.2335 4.4633
0.07 2.51679 0.902171 12.3702 4.12376
0.075 2.57671 0.922023 11.6135 3.82304
0.08 2.63307 0.940455 10.9448 3.55436
0.085 2.68628 0.957611 10.3497 3.31246
0.09 2.73667 0.973617 9.81672 3.09316
0.095 2.78454 0.988575 9.33659 2.8931
0.1 2.83011 1.00258 8.90187 2.70955
0.105 2.87362 1.01569 8.50641 2.5403
0.11 2.91524 1.028 8.14516 2.38347
0.115 2.95512 1.03955 7.81387 2.23755
0.12 2.99342 1.05039 7.50896 2.10121
0.125 3.03025 1.06057 7.22743 1.97337
0.13 3.06573 1.07014 6.96669 1.85308
0.135 3.09995 1.07912 6.72452 1.73953
0.14 3.133 1.08754 6.49902 1.63204
0.145 3.16496 1.09544 6.28852 1.52998
0.15 3.19591 1.10285 6.09158 1.43285
0.155 3.2259 1.10978 5.90693 1.34018
0.16 3.255 1.11626 5.73345 1.25155
0.165 3.28325 1.1223 5.57015 1.16662
0.17 3.31071 1.12793 5.41617 1.08506
0.175 3.33743 1.13316 5.27073 1.00659
0.18 3.36343 1.138 5.13313 0.930965
0.185 3.38877 1.14247 5.00275 0.857953
0.19 3.41347 1.14658 4.87902 0.787353
0.195 3.43757 1.15035 4.76146 0.718983
0.2 3.4611 1.15378 4.64959 0.652679
0.205 3.48407 1.15688 4.54302 0.588292
0.21 3.50653 1.15966 4.44136 0.525687
0.215 3.5285 1.16214 4.34428 0.464742
0.22 3.54998 1.16431 4.25146 0.405347
0.225 3.57102 1.16619 4.16262 0.347399
0.23 3.59162 1.16779 4.0775 0.290806
0.235 3.6118 1.16911 3.99586 0.235484
0.24 3.63158 1.17015 3.91748 0.181356
0.245 3.65098 1.17092 3.84216 0.128349
0.25 3.67001 1.17143 3.76972 0.0764007
0.255 3.68868 1.17169 3.69997 0.0254496
0.26 3.70701 1.17169 3.63277 -0.0245585
0.265 3.72501 1.17144 3.56795 -0.0736743
0.27 3.74269 1.17095 3.50539 -0.121944
0.275 3.76007 1.17022 3.44496 -0.169411
0.28 3.77715 1.16926 3.38653 -0.216114
0.285 3.79394 1.16806 3.33 -0.262089
0.29 3.81045 1.16664 3.27527 -0.30737
0.295 3.82669 1.16499 3.22223 -0.351987
0.3 3.84267 1.16312 3.17079 -0.395969
0.305 3.8584 1.16103 3.12088 -0.439343
0.31 3.87389 1.15873 3.07241 -0.482131
0.315 3.88913 1.15621 3.0253 -0.524355
0.32 3.90414 1.15349 2.9795 -0.566037
0.325 3.91893 1.15055 2.93492 -0.607195
0.33 3.93349 1.14742 2.89151 -0.647844
0.335 3.94784 1.14408 2.84922 -0.688003
0.34 3.96199 1.14054 2.80798 -0.727683
0.345 3.97593 1.1368 2.76775 -0.766898
0.35 3.98967 1.13287 2.72848 -0.805661
0.355 4.00321 1.12874 2.69011 -0.843981
0.36 4.01657 1.12443 2.65262 -0.881869
0.365 4.02974 1.11993 2.61595 -0.919333
0.37 4.04273 1.11524 2.58007 -0.95638
0.375 4.05554 1.11036 2.54494 -0.993019
0.38 4.06818 1.10531 2.51054 -1.02925
0.385 4.08065 1.10007 2.47681 -1.06509
0.39 4.09295 1.09466 2.44375 -1.10054
0.395 4.10509 1.08907 2.41131 -1.1356
0.4 4.11706 1.0833 2.37947 -1.17027
0.405 4.12888 1.07736 2.34821 -1.20457
0.41 4.14055 1.07126 2.31749 -1.23848
0.415 4.15206 1.06498 2.2873 -1.27203
0.42 4.16342 1.05854 2.25762 -1.30519
0.425 4.17463 1.05193 2.22842 -1.33799
0.43 4.1857 1.04516 2.19969 -1.37042
0.435 4.19663 1.03822 2.17141 -1.40247
0.44 4.20742 1.03113 2.14356 -1.43416
0.445 4.21807 1.02388 2.11612 -1.46549
0.45 4.22858 1.01648 2.08908 -1.49644
0.455 4.23896 1.00892 2.06243 -1.52703
0.46 4.24921 1.00121 2.03615 -1.55725
0.465 4.25932 0.993348 2.01023 -1.58711
0.47 4.26931 0.985338 1.98466 -1.61661
0.475 4.27917 0.977182 1.95943 -1.64573
0.48 4.2889 0.968882 1.93452 -1.67449
0.485 4.29851 0.960438 1.90993 -1.70289
0.49 4.308 0.951853 1.88564 -1.73092
0.495 4.31737 0.943129 1.86166 -1.75858
0.5 4.32662 0.934268 1.83796 -1.78588
0.505 4.33575 0.925271 1.81455 -1.81282
0.51 4.34477 0.91614 1.79142 -1.83939
0.515 4.35367 0.906878 1.76856 -1.86559
0.52 4.36245 0.897485 1.74595 -1.89143
0.525 4.37113 0.887964 1.72361 -1.9169
0.53 4.37969 0.878317 1.70152 -1.94201
0.535 4.38814 0.868545 1.67968 -1.96676
0.54 4.39649 0.85865 1.65808 -1.99114
0.545 4.40472 0.848634 1.63671 -2.01517
0.55 4.41285 0.838499 1.61558 -2.03883
0.555 4.42088 0.828246 1.59469 -2.06213
0.56 4.4288 0.817878 1.57401 -2.08507
0.565 4.43662 0.807396 1.55356 -2.10766
0.57 4.44434 0.796802 1.53333 -2.12989
0.575 4.45195 0.786098 1.51332 -2.15176
0.58 4.45947 0.775285 1.49352 -2.17328
0.585 4.46689 0.764365 1.47394 -2.19445
0.59 4.47421 0.753341 1.45456 -2.21527
0.595 4.48144 0.742213 1.43539 -2.23575
0.6 4.48856 0.730984 1.41642 -2.25587
0.605 4.4956 0.719655 1.39766 -2.27566
0.61 4.50254 0.708228 1.3791 -2.2951
0.615 4.50939 0.696705 1.36073 -2.31421
0.62 4.51615 0.685087 1.34256 -2.33297
0.625 4.52282 0.673376 1.32459 -2.35141
0.63 4.5294 0.661573 1.30682 -2.36952
0.635 4.53589 0.649681 1.28923 -2.38729
0.64 4.54229 0.637701 1.27184 -2.40475
0.645 4.5486 0.625634 1.25463 -2.42188
0.65 4.55483 0.613482 1.23761 -2.43869
0.655 4.56098 0.601248 1.22079 -2.45518
0.66 4.56704 0.588931 1.20414 -2.47137
0.665 4.57302 0.576534 1.18768 -2.48725
0.67 4.57892 0.564059 1.17141 -2.50282
0.675 4.58474 0.551507 1.15531 -2.51808
0.68 4.59047 0.538879 1.1394 -2.53305
0.685 4.59613 0.526177 1.12366 -2.54773
0.69 4.60171 0.513402 1.10811 -2.56211
0.695 4.60721 0.500556 1.09273 -2.57621
0.7 4.61264 0.48764 1.07753 -2.59002
0.705 4.61799 0.474656 1.0625 -2.60356
0.71 4.62326 0.461605 1.04765 -2.61681
0.715 4.62846 0.448489 1.03297 -2.6298
0.72 4.63359 0.435308 1.01847 -2.64251
0.725 4.63865 0.422064 1.00413 -2.65496
0.73 4.64363 0.408759 0.989963 -2.66715
0.735 4.64855 0.395393 0.975965 -2.67908
0.74 4.65339 0.381968 0.962134 -2.69076
0.745 4.65817 0.368486 0.94847 -2.70219
0.75 4.66288 0.354947 0.934971 -2.71338
0.755 4.66752 0.341352 0.921637 -2.72432
0.76 4.6721 0.327704 0.908465 -2.73503
0.765 4.67661 0.314002 0.895455 -2.7455
0.77 4.68105 0.300249 0.882605 -2.75574
0.775 4.68543 0.286445 0.869915 -2.76576
0.78 4.68975 0.272592 0.857383 -2.77556
0.785 4.69401 0.25869 0.845008 -2.78513
0.79 4.6982 0.244741 0.832789 -2.7945
0.795 4.70233 0.230746 0.820724 -2.80365
0.8 4.70641 0.216705 0.808812 -2.81259
0.805 4.71042 0.20262 0.797053 -2.82134
0.81 4.71438 0.188492 0.785444 -2.82988
0.815 4.71828 0.174321 0.773985 -2.83823
0.82 4.72212 0.16011 0.762674 -2.84638
0.825 4.7259 0.145858 0.75151 -2.85435
0.83 4.72963 0.131567 0.740492 -2.86214
0.835 4.73331 0.117237 0.729618 -2.86974
0.84 4.73693 0.10287 0.718887 -2.87716
0.845 4.7405 0.0884655 0.708298 -2.88441
0.85 4.74401 0.0740257 0.69785 -2.89149
0.855 4.74748 0.0595509 0.68754 -2.89841
0.86 4.75089 0.0450419 0.677368 -2.90516
0.865 4.75425 0.0304996 0.667333 -2.91175
0.87 4.75756 0.0159247 0.657433 -2.91818
0.875 4.76083 0.00131806 0.647667 -2.92445
