0 0 0 212.132 212.132
0.005 0.538044 0.537951 63.0937 63.0584
0.01 0.798349 0.797999 43.6388 43.572
0.015 0.988436 0.987681 33.3581 33.2629
0.02 1.13818 1.13689 27.0012 26.8789
0.025 1.26175 1.25978 22.6826 22.5338
0.03 1.36696 1.36418 19.5578 19.383
0.035 1.45858 1.45486 17.1924 16.9918
0.04 1.53973 1.53494 15.3398 15.1135
0.045 1.61258 1.60659 13.8499 13.5979
0.05 1.67867 1.67136 12.6257 12.3483
0.055 1.73917 1.73041 11.6023 11.2993
0.06 1.79495 1.78461 10.734 10.4056
0.065 1.84671 1.83467 9.98829 9.63446
0.07 1.895 1.88112 9.34097 8.96169
0.075 1.94026 1.92442 8.77387 8.36913
0.08 1.98285 1.96492 8.27303 7.84282
0.085 2.02308 2.00294 7.82756 7.37186
0.09 2.0612 2.03872 7.42882 6.9476
0.095 2.09743 2.07248 7.06988 6.56312
0.1 2.13196 2.10441 6.74512 6.21279
0.105 2.16493 2.13466 6.44993 5.89199
0.11 2.1965 2.16337 6.1805 5.59691
0.115 2.22678 2.19066 5.93363 5.32435
0.12 2.25587 2.21665 5.70664 5.07162
0.125 2.28387 2.24141 5.49725 4.83645
0.13 2.31087 2.26504 5.30353 4.6169
0.135 2.33693 2.2876 5.12381 4.41129
0.14 2.36213 2.30917 4.95666 4.2182
0.145 2.38652 2.3298 4.80082 4.03636
0.15 2.41015 2.34955 4.6552 3.86469
0.155 2.43308 2.36846 4.51886 3.70223
0.16 2.45535 2.38659 4.39096 3.54815
0.165 2.47701 2.40396 4.27075 3.4017
0.17 2.49807 2.42062 4.15757 3.26221
0.175 2.51859 2.43659 4.05085 3.12912
0.18 2.53859 2.45192 3.95006 3.00188
0.185 2.5581 2.46662 3.85473 2.88004
0.19 2.57715 2.48072 3.76444 2.76316
0.195 2.59575 2.49426 3.67882 2.65089
0.2 2.61394 2.50724 3.59752 2.54285
0.205 2.63174 2.51969 3.52024 2.43876
0.21 2.64915 2.53163 3.44668 2.33833
0.215 2.66621 2.54308 3.3766 2.24129
0.22 2.68292 2.55405 3.30976 2.14742
0.225 2.69931 2.56456 3.24595 2.0565
0.23 2.71539 2.57462 3.18497 1.96833
0.235 2.73116 2.58425 3.12664 1.88274
0.24 2.74666 2.59345 3.0708 1.79956
0.245 2.76188 2.60225 3.0173 1.71864
0.25 2.77683 2.61064 2.96598 1.63984
0.255 2.79154 2.61865 2.91673 1.56303
0.26 2.806 2.62628 2.86943 1.48808
0.265 2.82024 2.63353 2.82395 1.41489
0.27 2.83425 2.64043 2.7802 1.34336
0.275 2.84804 2.64697 2.73807 1.27338
0.28 2.86163 2.65316 2.69749 1.20487
0.285 2.87502 2.65902 2.65835 1.13776
0.29 2.88822 2.66454 2.62059 1.07195
0.295 2.90123 2.66974 2.58413 1.00738
0.3 2.91406 2.67462 2.5489 0.943989
0.305 2.92672 2.67918 2.51483 0.881705
0.31 2.93921 2.68344 2.48186 0.820474
0.315 2.95154 2.68739 2.44993 0.760241
0.32 2.96371 2.69104 2.419 0.700956
0.325 2.97573 2.6944 2.38899 0.642572
0.33 2.9876 2.69747 2.35988 0.585045
0.335 2.99933 2.70025 2.3316 0.528335
0.34 3.01092 2.70275 2.30412 0.472402
0.345 3.02237 2.70498 2.27739 0.417212
0.35 3.03369 2.70693 2.25138 0.362732
0.355 3.04489 2.70861 2.22604 0.308931
0.36 3.05596 2.71002 2.20134 0.25578
0.365 3.0669 2.71117 2.17725 0.203254
0.37 3.07773 2.71205 2.15372 0.151328
0.375 3.08844 2.71268 2.13074 0.0999794
0.38 3.09904 2.71305 2.10826 0.0491885
0.385 3.10952 2.71317 2.08627 -0.00106389
0.39 3.1199 2.71304 2.06473 -0.0507948
0.395 3.13017 2.71267 2.04361 -0.10002
0.4 3.14034 2.71204 2.0229 -0.148753
0.405 3.1504 2.71118 2.00257 -0.197006
0.41 3.16036 2.71007 1.9826 -0.244792
0.415 3.17023 2.70873 1.96296 -0.292119
0.42 3.17999 2.70715 1.94364 -0.338997
0.425 3.18966 2.70534 1.92461 -0.385433
0.43 3.19924 2.7033 1.90585 -0.431434
0.435 3.20872 2.70103 1.88736 -0.477005
0.44 3.21811 2.69853 1.86911 -0.522149
0.445 3.22742 2.69581 1.85108 -0.566872
0.45 3.23663 2.69286 1.83327 -0.611176
0.455 3.24575 2.6897 1.81565 -0.655062
0.46 3.25478 2.68631 1.79822 -0.698532
0.465 3.26373 2.68271 1.78096 -0.741587
0.47 3.27259 2.6789 1.76386 -0.784225
0.475 3.28137 2.67487 1.7469 -0.826448
0.48 3.29006 2.67063 1.73009 -0.868254
0.485 3.29867 2.66619 1.71341 -0.909641
0.49 3.3072 2.66154 1.69685 -0.950607
0.495 3.31564 2.65668 1.68041 -0.991151
0.5 3.324 2.65163 1.66407 -1.03127
0.505 3.33228 2.64637 1.64783 -1.07096
0.51 3.34048 2.64092 1.63168 -1.11022
0.515 3.3486 2.63527 1.61562 -1.14905
0.52 3.35664 2.62943 1.59965 -1.18744
0.525 3.36459 2.6234 1.58375 -1.22539
0.53 3.37247 2.61718 1.56793 -1.2629
0.535 3.38027 2.61077 1.55218 -1.29996
0.54 3.38799 2.60418 1.53651 -1.33658
0.545 3.39564 2.5974 1.52089 -1.37274
0.55 3.4032 2.59045 1.50534 -1.40845
0.555 3.41069 2.58332 1.48986 -1.44371
0.56 3.4181 2.57601 1.47444 -1.4785
0.565 3.42544 2.56854 1.45907 -1.51284
0.57 3.43269 2.56089 1.44377 -1.5467
0.575 3.43987 2.55307 1.42852 -1.58011
0.58 3.44698 2.54509 1.41334 -1.61305
0.585 3.45401 2.53694 1.39821 -1.64551
0.59 3.46096 2.52863 1.38315 -1.67751
0.595 3.46784 2.52017 1.36814 -1.70904
0.6 3.47464 2.51154 1.3532 -1.7401
0.605 3.48137 2.50276 1.33831 -1.77068
0.61 3.48803 2.49384 1.32349 -1.8008
0.615 3.49461 2.48476 1.30874 -1.83044
0.62 3.50111 2.47553 1.29404 -1.85961
0.625 3.50755 2.46616 1.27942 -1.88831
0.63 3.51391 2.45665 1.26486 -1.91654
0.635 3.5202 2.447 1.25037 -1.9443
0.64 3.52641 2.43721 1.23596 -1.97159
0.645 3.53256 2.42728 1.22161 -1.99842
0.65 3.53863 2.41722 1.20735 -2.02479
0.655 3.54463 2.40704 1.19315 -2.05069
0.66 3.55056 2.39672 1.17904 -2.07613
0.665 3.55642 2.38627 1.165 -2.10112
0.67 3.56221 2.37571 1.15105 -2.12566
0.675 3.56793 2.36502 1.13718 -2.14974
0.68 3.57358 2.35421 1.12339 -2.17338
0.685 3.57916 2.34329 1.1097 -2.19657
0.69 3.58468 2.33225 1.09609 -2.21932
0.695 3.59012 2.32109 1.08257 -2.24164
0.7 3.5955 2.30983 1.06914 -2.26352
0.705 3.60082 2.29846 1.0558 -2.28497
0.71 3.60606 2.28698 1.04256 -2.30601
0.715 3.61124 2.2754 1.02942 -2.32662
0.72 3.61636 2.26372 1.01637 -2.34681
0.725 3.62141 2.25193 1.00343 -2.3666
0.73 3.62639 2.24005 0.990579 -2.38598
0.735 3.63131 2.22807 0.977835 -2.40496
0.74 3.63617 2.216 0.965193 -2.42355
0.745 3.64096 2.20384 0.952656 -2.44174
0.75 3.6457 2.19158 0.940225 -2.45955
0.755 3.65037 2.17924 0.927899 -2.47698
0.76 3.65498 2.16682 0.915681 -2.49403
0.765 3.65952 2.1543 0.903572 -2.51072
0.77 3.66401 2.14171 0.891571 -2.52704
0.775 3.66844 2.12903 0.87968 -2.543
0.78 3.67281 2.11628 0.8679 -2.55861
0.785 3.67712 2.10345 0.856232 -2.57388
0.79 3.68137 2.09054 0.844675 -2.5888
0.795 3.68557 2.07756 0.83323 -2.60338
0.8 3.6897 2.06451 0.821899 -2.61764
0.805 3.69378 2.05139 0.81068 -2.63157
0.81 3.69781 2.03819 0.799576 -2.64518
0.815 3.70178 2.02493 0.788585 -2.65847
0.82 3.7057 2.01161 0.777709 -2.67146
0.825 3.70956 1.99822 0.766947 -2.68414
0.83 3.71337 1.98477 0.756299 -2.69653
0.835 3.71712 1.97125 0.745766 -2.70863
0.84 3.72082 1.95768 0.735347 -2.72044
0.845 3.72447 1.94405 0.725043 -2.73197
0.85 3.72807 1.93036 0.714854 -2.74322
0.855 3.73162 1.91662 0.704778 -2.7542
0.86 3.73512 1.90282 0.694817 -2.76492
0.865 3.73857 1.88897 0.68497 -2.77538
0.87 3.74197 1.87507 0.675236 -2.78558
0.875 3.74532 1.86112 0.665616 -2.79554
0.88 3.74863 1.84711 0.656108 -2.80525
0.885 3.75189 1.83306 0.646713 -2.81472
0.89 3.7551 1.81897 0.637431 -2.82396
0.895 3.75826 1.80482 0.628259 -2.83297
0.9 3.76138 1.79064 0.6192 -2.84176
0.905 3.76445 1.77641 0.61025 -2.85032
0.91 3.76748 1.76213 0.601411 -2.85867
0.915 3.77047 1.74782 0.592681 -2.86681
0.92 3.77341 1.73347 0.584061 -2.87475
0.925 3.77631 1.71907 0.575548 -2.88248
0.93 3.77916 1.70464 0.567143 -2.89002
0.935 3.78198 1.69017 0.558844 -2.89737
0.94 3.78475 1.67567 0.550652 -2.90453
0.945 3.78749 1.66113 0.542565 -2.91151
0.95 3.79018 1.64655 0.534583 -2.9183
0.955 3.79283 1.63195 0.526705 -2.92493
0.96 3.79545 1.6173 0.518929 -2.93138
0.965 3.79802 1.60263 0.511256 -2.93766
0.97 3.80056 1.58793 0.503684 -2.94378
0.975 3.80306 1.57319 0.496213 -2.94974
0.98 3.80552 1.55843 0.488841 -2.95555
0.985 3.80795 1.54364 0.481569 -2.96121
0.99 3.81034 1.52882 0.474394 -2.96671
0.995 3.81269 1.51397 0.467316 -2.97208
1 3.81501 1.4991 0.460334 -2.9773
1.005 3.81729 1.4842 0.453447 -2.98238
1.01 3.81954 1.46928 0.446654 -2.98733
1.015 3.82176 1.45433 0.439955 -2.99215
1.02 3.82394 1.43935 0.433348 -2.99684
1.025 3.82609 1.42436 0.426833 -3.0014
1.03 3.82821 1.40934 0.420408 -3.00585
1.035 3.8303 1.3943 0.414073 -3.01017
1.04 3.83235 1.37924 0.407826 -3.01439
1.045 3.83438 1.36416 0.401667 -3.01848
1.05 3.83637 1.34905 0.395595 -3.02247
1.055 3.83833 1.33393 0.389608 -3.02635
1.06 3.84027 1.31879 0.383706 -3.03013
1.065 3.84217 1.30363 0.377888 -3.0338
1.07 3.84405 1.28845 0.372153 -3.03738
1.075 3.84589 1.27326 0.3665 -3.04086
1.08 3.84771 1.25804 0.360927 -3.04424
1.085 3.8495 1.24281 0.355435 -3.04753
1.09 3.85127 1.22757 0.350022 -3.05074
1.095 3.853 1.21231 0.344686 -3.05385
1.1 3.85471 1.19703 0.339428 -3.05689
1.105 3.8564 1.18174 0.334246 -3.05984
1.11 3.85806 1.16643 0.32914 -3.0627
1.115 3.85969 1.15111 0.324107 -3.06549
1.12 3.8613 1.13578 0.319148 -3.06821
1.125 3.86288 1.12043 0.314262 -3.07085
1.13 3.86444 1.10507 0.309447 -3.07342
1.135 3.86597 1.0897 0.304703 -3.07591
1.14 3.86749 1.07431 0.300029 -3.07834
1.145 3.86897 1.05891 0.295423 -3.0807
1.15 3.87044 1.0435 0.290886 -3.083
1.155 3.87188 1.02808 0.286415 -3.08523
1.16 3.8733 1.01265 0.282011 -3.0874
1.165 3.8747 0.997209 0.277672 -3.08951
1.17 3.87608 0.981756 0.273397 -3.09157
1.175 3.87744 0.966293 0.269186 -3.09356
1.18 3.87877 0.95082 0.265038 -3.09551
1.185 3.88009 0.935338 0.260952 -3.09739
1.19 3.88138 0.919847 0.256926 -3.09923
1.195 3.88266 0.904346 0.252961 -3.10101
1.2 3.88391 0.888837 0.249056 -3.10275
1.205 3.88515 0.873319 0.245209 -3.10443
1.21 3.88637 0.857792 0.241419 -3.10607
1.215 3.88756 0.842258 0.237687 -3.10766
1.22 3.88874 0.826716 0.234011 -3.10921
1.225 3.8899 0.811166 0.23039 -3.11072
1.23 3.89105 0.795609 0.226824 -3.11218
1.235 3.89217 0.780044 0.223312 -3.11361
1.24 3.89328 0.764473 0.219853 -3.11499
1.245 3.89437 0.748894 0.216446 -3.11633
1.25 3.89544 0.733309 0.213091 -3.11764
1.255 3.8965 0.717718 0.209787 -3.11891
1.26 3.89754 0.70212 0.206533 -3.12014
1.265 3.89857 0.686517 0.203329 -3.12134
1.27 3.89958 0.670907 0.200173 -3.12251
1.275 3.90057 0.655292 0.197065 -3.12364
1.28 3.90155 0.639671 0.194005 -3.12475
1.285 3.90251 0.624044 0.190991 -3.12582
1.29 3.90346 0.608412 0.188024 -3.12686
1.295 3.90439 0.592776 0.185101 -3.12787
1.3 3.90531 0.577134 0.182223 -3.12885
1.305 3.90621 0.561487 0.17939 -3.1298
1.31 3.9071 0.545836 0.176599 -3.13073
1.315 3.90798 0.53018 0.173852 -3.13163
1.32 3.90884 0.51452 0.171146 -3.13251
1.325 3.90969 0.498855 0.168483 -3.13336
1.33 3.91052 0.483186 0.165859 -3.13419
1.335 3.91135 0.467513 0.163277 -3.13499
1.34 3.91216 0.451836 0.160734 -3.13577
1.345 3.91295 0.436155 0.15823 -3.13653
1.35 3.91374 0.420471 0.155764 -3.13727
1.355 3.91451 0.404783 0.153337 -3.13799
1.36 3.91527 0.389091 0.150947 -3.13868
1.365 3.91602 0.373396 0.148593 -3.13936
1.37 3.91676 0.357697 0.146276 -3.14002
1.375 3.91748 0.341996 0.143995 -3.14066
1.38 3.9182 0.326291 0.141749 -3.14128
1.385 3.9189 0.310583 0.139538 -3.14188
1.39 3.91959 0.294872 0.13736 -3.14247
1.395 3.92028 0.279158 0.135217 -3.14304
1.4 3.92095 0.263442 0.133106 -3.14359
1.405 3.92161 0.247722 0.131029 -3.14413
1.41 3.92226 0.232 0.128983 -3.14465
1.415 3.9229 0.216276 0.126969 -3.14515
1.42 3.92353 0.200549 0.124986 -3.14565
1.425 3.92415 0.18482 0.123034 -3.14613
1.43 3.92476 0.169088 0.121112 -3.14659
1.435 3.92536 0.153354 0.11922 -3.14704
1.44 3.92595 0.137617 0.117357 -3.14748
1.445 3.92653 0.121879 0.115524 -3.14791
1.45 3.9271 0.106138 0.113718 -3.14832
1.455 3.92767 0.0903956 0.111941 -3.14872
1.46 3.92822 0.074651 0.110191 -3.14911
1.465 3.92877 0.0589045 0.108469 -3.14949
1.47 3.92931 0.0431561 0.106773 -3.14986
1.475 3.92984 0.0274059 0.105103 -3.15022
1.48 3.93036 0.0116539 0.10346 -3.15057
