0 0 0 102.606 281.908
0.005 0.260248 0.714933 30.5183 83.8131
0.01 0.386159 1.06061 21.109 57.9297
0.015 0.478112 1.31285 16.1371 44.2411
0.02 0.550556 1.51134 13.0631 35.7683
0.025 0.610342 1.67492 10.975 30.0047
0.03 0.66125 1.81398 9.4643 25.8281
0.035 0.705589 1.93486 8.3209 22.6608
0.04 0.744869 2.04172 7.42554 20.1751
0.045 0.780134 2.13741 6.70557 18.1714
0.05 0.812137 2.22402 6.11418 16.521
0.055 0.841437 2.30306 5.61986 15.1373
0.06 0.86846 2.37573 5.20062 13.9599
0.065 0.893542 2.44293 4.84064 12.9454
0.07 0.916946 2.5054 4.52826 12.0616
0.075 0.938889 2.56373 4.25469 11.2844
0.08 0.959546 2.61839 4.01318 10.5953
0.085 0.979065 2.6698 3.79845 9.9797
0.09 0.997568 2.71829 3.60634 9.42622
0.095 1.01516 2.76415 3.43348 8.92561
0.1 1.03193 2.80762 3.27717 8.4704
0.105 1.04796 2.84892 3.13517 8.05445
0.11 1.0633 2.88823 3.00563 7.6727
0.115 1.07803 2.9257 2.88702 7.3209
0.12 1.09219 2.96148 2.77804 6.99549
0.125 1.10582 2.99569 2.67758 6.69343
0.13 1.11898 3.02845 2.58472 6.41215
0.135 1.13168 3.05984 2.49864 6.14944
0.14 1.14397 3.08997 2.41865 5.90338
0.145 1.15588 3.1189 2.34415 5.67231
0.15 1.16742 3.14672 2.27461 5.45479
0.155 1.17863 3.17347 2.20958 5.24954
0.16 1.18953 3.19923 2.14864 5.05544
0.165 1.20013 3.22404 2.09144 4.87153
0.17 1.21045 3.24796 2.03766 4.69691
0.175 1.22051 3.27103 1.98702 4.53081
0.18 1.23032 3.29328 1.93928 4.37253
0.185 1.2399 3.31476 1.89419 4.22146
0.19 1.24927 3.33551 1.85157 4.07703
0.195 1.25842 3.35554 1.81123 3.93874
0.2 1.26738 3.3749 1.773 3.80613
0.205 1.27616 3.39361 1.73673 3.6788
0.21 1.28475 3.4117 1.7023 3.55635
0.215 1.29318 3.42918 1.66958 3.43847
0.22 1.30145 3.44609 1.63845 3.32482
0.225 1.30957 3.46244 1.60881 3.21514
0.23 1.31754 3.47825 1.58058 3.10915
0.235 1.32538 3.49354 1.55366 3.00662
0.24 1.33308 3.50832 1.52797 2.90733
0.245 1.34066 3.52262 1.50345 2.81107
0.25 1.34812 3.53644 1.48002 2.71765
0.255 1.35546 3.5498 1.45763 2.62691
0.26 1.3627 3.56271 1.43621 2.53868
0.265 1.36983 3.57519 1.41572 2.45282
0.27 1.37685 3.58724 1.3961 2.36917
0.275 1.38379 3.59888 1.37732 2.28762
0.28 1.39063 3.61012 1.35931 2.20805
0.285 1.39738 3.62097 1.34206 2.13034
0.29 1.40405 3.63143 1.32551 2.05438
0.295 1.41064 3.64151 1.30964 1.98008
0.3 1.41715 3.65123 1.29441 1.90734
0.305 1.42358 3.66059 1.27979 1.83608
0.31 1.42995 3.66959 1.26576 1.76622
0.315 1.43624 3.67825 1.25228 1.69768
0.32 1.44247 3.68657 1.23933 1.63038
0.325 1.44864 3.69456 1.22689 1.56427
0.33 1.45474 3.70222 1.21493 1.49926
0.335 1.46079 3.70955 1.20344 1.43532
0.34 1.46678 3.71657 1.19238 1.37236
0.345 1.47271 3.72328 1.18175 1.31035
0.35 1.47859 3.72968 1.17153 1.24922
0.355 1.48443 3.73577 1.16168 1.18894
0.36 1.49021 3.74157 1.15221 1.12945
0.365 1.49595 3.74707 1.14309 1.0707
0.37 1.50164 3.75228 1.1343 1.01266
0.375 1.50729 3.7572 1.12584 0.955289
0.38 1.5129 3.76183 1.11767 0.898544
0.385 1.51847 3.76618 1.1098 0.842392
0.39 1.524 3.77025 1.10221 0.786796
0.395 1.52949 3.77405 1.09487 0.731726
0.4 1.53495 3.77757 1.08778 0.67715
0.405 1.54037 3.78082 1.08093 0.62304
0.41 1.54576 3.7838 1.07429 0.569368
0.415 1.55111 3.78652 1.06786 0.516109
0.42 1.55644 3.78897 1.06162 0.46324
0.425 1.56173 3.79115 1.05556 0.410737
0.43 1.56699 3.79307 1.04966 0.358581
0.435 1.57223 3.79474 1.04391 0.306753
0.44 1.57743 3.79614 1.0383 0.255238
0.445 1.58261 3.79729 1.03281 0.20402
0.45 1.58776 3.79818 1.02742 0.153086
0.455 1.59288 3.79882 1.02213 0.102426
0.46 1.59798 3.79921 1.01692 0.0520314
0.465 1.60305 3.79934 1.01177 0.00189461
0.47 1.6081 3.79923 1.00668 -0.047989
0.475 1.61312 3.79886 1.00162 -0.0976224
0.48 1.61812 3.79825 0.996592 -0.147007
0.485 1.62309 3.79739 0.991577 -0.196141
0.49 1.62803 3.79629 0.986565 -0.245023
0.495 1.63295 3.79494 0.981545 -0.293649
0.5 1.63785 3.79335 0.976506 -0.342012
0.505 1.64272 3.79152 0.971438 -0.390107
0.51 1.64756 3.78945 0.966333 -0.437926
0.515 1.65238 3.78714 0.961183 -0.485458
0.52 1.65717 3.7846 0.955981 -0.532695
0.525 1.66194 3.78182 0.950719 -0.579625
0.53 1.66668 3.7788 0.945393 -0.626237
0.535 1.67139 3.77556 0.939997 -0.672519
0.54 1.67608 3.77208 0.934527 -0.71846
0.545 1.68074 3.76837 0.92898 -0.764046
0.55 1.68537 3.76444 0.923352 -0.809266
0.555 1.68997 3.76028 0.917642 -0.854106
0.56 1.69455 3.7559 0.911848 -0.898554
0.565 1.69909 3.75129 0.905969 -0.942599
0.57 1.70361 3.74647 0.900004 -0.986227
0.575 1.70809 3.74143 0.893952 -1.02943
0.58 1.71255 3.73618 0.887816 -1.07219
0.585 1.71697 3.73071 0.881594 -1.1145
0.59 1.72136 3.72503 0.875288 -1.15635
0.595 1.72572 3.71915 0.8689 -1.19772
0.6 1.73005 3.71306 0.862432 -1.23862
0.605 1.73435 3.70676 0.855884 -1.27903
0.61 1.73861 3.70027 0.849261 -1.31893
0.615 1.74284 3.69358 0.842563 -1.35833
0.62 1.74703 3.68669 0.835794 -1.39722
0.625 1.7512 3.6796 0.828956 -1.43558
0.63 1.75532 3.67233 0.822053 -1.47342
0.635 1.75942 3.66487 0.815087 -1.51072
0.64 1.76347 3.65723 0.808062 -1.54749
0.645 1.7675 3.6494 0.800982 -1.58371
0.65 1.77148 3.64139 0.793848 -1.61938
0.655 1.77544 3.6332 0.786666 -1.6545
0.66 1.77935 3.62484 0.779438 -1.68907
0.665 1.78323 3.61631 0.772168 -1.72308
0.67 1.78707 3.60762 0.764859 -1.75653
0.675 1.79088 3.59875 0.757515 -1.78942
0.68 1.79465 3.58972 0.75014 -1.82176
0.685 1.79838 3.58053 0.742738 -1.85353
0.69 1.80208 3.57119 0.735311 -1.88475
0.695 1.80573 3.56169 0.727863 -1.9154
0.7 1.80935 3.55203 0.720398 -1.9455
0.705 1.81294 3.54223 0.712919 -1.97504
0.71 1.81648 3.53228 0.705429 -2.00403
0.715 1.81999 3.52219 0.697932 -2.03247
0.72 1.82346 3.51196 0.690432 -2.06035
0.725 1.8269 3.50159 0.682931 -2.0877
0.73 1.83029 3.49108 0.675432 -2.1145
0.735 1.83365 3.48045 0.667939 -2.14076
0.74 1.83697 3.46968 0.660454 -2.16649
0.745 1.84025 3.45878 0.652981 -2.19169
0.75 1.8435 3.44776 0.645522 -2.21637
0.755 1.84671 3.43662 0.63808 -2.24053
0.76 1.84988 3.42536 0.630658 -2.26418
0.765 1.85302 3.41398 0.623258 -2.28732
0.77 1.85611 3.40249 0.615883 -2.30995
0.775 1.85918 3.39088 0.608535 -2.3321
0.78 1.8622 3.37917 0.601217 -2.35375
0.785 1.86519 3.36734 0.593931 -2.37492
0.79 1.86814 3.35542 0.586678 -2.39561
0.795 1.87105 3.34339 0.579461 -2.41584
0.8 1.87393 3.33126 0.572283 -2.4356
0.805 1.87678 3.31903 0.565144 -2.4549
0.81 1.87959 3.30671 0.558047 -2.47376
0.815 1.88236 3.2943 0.550993 -2.49217
0.82 1.8851 3.28179 0.543984 -2.51015
0.825 1.8878 3.2692 0.537022 -2.5277
0.83 1.89047 3.25651 0.530107 -2.54483
0.835 1.8931 3.24375 0.523242 -2.56155
0.84 1.8957 3.2309 0.516428 -2.57787
0.845 1.89826 3.21797 0.509665 -2.59378
0.85 1.90079 3.20496 0.502956 -2.6093
0.855 1.90329 3.19188 0.4963 -2.62444
0.86 1.90576 3.17872 0.4897 -2.63921
0.865 1.90819 3.16549 0.483156 -2.6536
0.87 1.91059 3.15218 0.476668 -2.66764
0.875 1.91296 3.13881 0.470239 -2.68132
0.88 1.91529 3.12537 0.463868 -2.69465
0.885 1.9176 3.11186 0.457556 -2.70764
0.89 1.91987 3.09829 0.451303 -2.7203
0.895 1.92211 3.08466 0.445111 -2.73263
0.9 1.92432 3.07097 0.43898 -2.74464
0.905 1.9265 3.05722 0.43291 -2.75634
0.91 1.92865 3.04341 0.426901 -2.76774
0.915 1.93077 3.02954 0.420955 -2.77884
0.92 1.93286 3.01562 0.41507 -2.78964
0.925 1.93492 3.00164 0.409248 -2.80016
0.93 1.93695 2.98762 0.403489 -2.8104
0.935 1.93895 2.97354 0.397792 -2.82037
0.94 1.94093 2.95941 0.392159 -2.83007
0.945 1.94288 2.94524 0.386588 -2.83951
0.95 1.94479 2.93102 0.38108 -2.8487
0.955 1.94669 2.91675 0.375635 -2.85764
0.96 1.94855 2.90244 0.370254 -2.86634
0.965 1.95039 2.88809 0.364934 -2.8748
0.97 1.9522 2.87369 0.359678 -2.88303
0.975 1.95399 2.85926 0.354484 -2.89104
0.98 1.95575 2.84478 0.349353 -2.89883
0.985 1.95748 2.83027 0.344284 -2.9064
0.99 1.95919 2.81572 0.339277 -2.91377
0.995 1.96087 2.80113 0.334331 -2.92093
1 1.96253 2.78651 0.329447 -2.92789
1.005 1.96417 2.77186 0.324624 -2.93467
1.01 1.96578 2.75717 0.319862 -2.94125
1.015 1.96737 2.74244 0.315161 -2.94765
1.02 1.96893 2.72769 0.31052 -2.95387
1.025 1.97047 2.7129 0.305938 -2.95991
1.03 1.97199 2.69809 0.301416 -2.96579
1.035 1.97348 2.68325 0.296952 -2.9715
1.04 1.97496 2.66838 0.292548 -2.97706
1.045 1.97641 2.65348 0.288201 -2.98245
1.05 1.97784 2.63855 0.283912 -2.98769
1.055 1.97925 2.6236 0.27968 -2.99279
1.06 1.98064 2.60862 0.275505 -2.99774
1.065 1.982 2.59362 0.271386 -3.00254
1.07 1.98335 2.5786 0.267323 -3.00722
1.075 1.98468 2.56355 0.263315 -3.01176
1.08 1.98598 2.54848 0.259362 -3.01616
1.085 1.98727 2.53339 0.255464 -3.02045
1.09 1.98854 2.51828 0.251619 -3.02461
1.095 1.98979 2.50314 0.247827 -3.02865
1.1 1.99102 2.48799 0.244087 -3.03258
1.105 1.99223 2.47282 0.2404 -3.03639
1.11 1.99342 2.45763 0.236765 -3.04009
1.115 1.9946 2.44242 0.233181 -3.04369
1.12 1.99575 2.42719 0.229647 -3.04718
1.125 1.99689 2.41195 0.226163 -3.05057
1.13 1.99802 2.39668 0.222728 -3.05387
1.135 1.99912 2.38141 0.219343 -3.05707
1.14 2.00021 2.36611 0.216005 -3.06017
1.145 2.00128 2.35081 0.212716 -3.06319
1.15 2.00234 2.33548 0.209474 -3.06611
1.155 2.00338 2.32014 0.206278 -3.06896
1.16 2.0044 2.30479 0.203129 -3.07172
1.165 2.00541 2.28943 0.200025 -3.0744
1.17 2.0064 2.27405 0.196966 -3.077
1.175 2.00738 2.25866 0.193952 -3.07953
1.18 2.00834 2.24325 0.190981 -3.08198
1.185 2.00929 2.22784 0.188054 -3.08436
1.19 2.01022 2.21241 0.18517 -3.08667
1.195 2.01114 2.19697 0.182328 -3.08891
1.2 2.01204 2.18152 0.179528 -3.09109
1.205 2.01293 2.16606 0.176769 -3.0932
1.21 2.01381 2.15059 0.174051 -3.09526
1.215 2.01467 2.13511 0.171373 -3.09725
1.22 2.01552 2.11962 0.168735 -3.09918
1.225 2.01636 2.10412 0.166136 -3.10106
1.23 2.01719 2.08861 0.163575 -3.10288
1.235 2.018 2.07309 0.161053 -3.10464
1.24 2.0188 2.05756 0.158568 -3.10636
1.245 2.01958 2.04202 0.156121 -3.10802
1.25 2.02036 2.02648 0.15371 -3.10964
1.255 2.02112 2.01093 0.151335 -3.11121
1.26 2.02187 1.99537 0.148996 -3.11273
1.265 2.02261 1.9798 0.146692 -3.11421
1.27 2.02334 1.96423 0.144422 -3.11564
1.275 2.02405 1.94864 0.142187 -3.11703
1.28 2.02476 1.93306 0.139985 -3.11838
1.285 2.02545 1.91746 0.137817 -3.11969
1.29 2.02614 1.90186 0.135682 -3.12096
1.295 2.02681 1.88625 0.133578 -3.12219
1.3 2.02747 1.87064 0.131507 -3.12339
1.305 2.02813 1.85502 0.129467 -3.12455
1.31 2.02877 1.83939 0.127458 -3.12568
1.315 2.0294 1.82376 0.12548 -3.12677
1.32 2.03002 1.80812 0.123531 -3.12783
1.325 2.03064 1.79248 0.121613 -3.12886
1.33 2.03124 1.77684 0.119723 -3.12986
1.335 2.03183 1.76118 0.117863 -3.13083
1.34 2.03242 1.74553 0.11603 -3.13177
1.345 2.03299 1.72987 0.114226 -3.13269
1.35 2.03356 1.7142 0.11245 -3.13357
1.355 2.03412 1.69853 0.1107 -3.13443
1.36 2.03467 1.68286 0.108977 -3.13526
1.365 2.03521 1.66718 0.107281 -3.13607
1.37 2.03574 1.6515 0.105611 -3.13686
1.375 2.03626 1.63581 0.103966 -3.13762
1.38 2.03678 1.62012 0.102347 -3.13836
1.385 2.03729 1.60443 0.100753 -3.13907
1.39 2.03779 1.58873 0.0991825 -3.13977
1.395 2.03828 1.57303 0.0976367 -3.14044
1.4 2.03876 1.55732 0.0961147 -3.1411
1.405 2.03924 1.54162 0.0946161 -3.14173
1.41 2.03971 1.52591 0.0931407 -3.14235
1.415 2.04017 1.51019 0.0916879 -3.14294
1.42 2.04063 1.49448 0.0902576 -3.14352
1.425 2.04108 1.47876 0.0888494 -3.14409
1.43 2.04152 1.46304 0.0874629 -3.14463
1.435 2.04195 1.44731 0.0860978 -3.14516
1.44 2.04238 1.43159 0.0847539 -3.14567
1.445 2.0428 1.41586 0.0834307 -3.14617
1.45 2.04321 1.40012 0.082128 -3.14666
1.455 2.04362 1.38439 0.0808454 -3.14713
1.46 2.04402 1.36865 0.0795827 -3.14758
1.465 2.04441 1.35291 0.0783396 -3.14802
1.47 2.0448 1.33717 0.0771157 -3.14845
1.475 2.04519 1.32143 0.0759108 -3.14886
1.48 2.04556 1.30568 0.0747246 -3.14927
1.485 2.04593 1.28994 0.0735568 -3.14966
1.49 2.0463 1.27419 0.0724071 -3.15004
1.495 2.04666 1.25844 0.0712752 -3.1504
1.5 2.04701 1.24268 0.070161 -3.15076
1.505 2.04736 1.22693 0.069064 -3.15111
1.51 2.0477 1.21117 0.0679841 -3.15144
1.515 2.04804 1.19541 0.0669209 -3.15177
1.52 2.04837 1.17965 0.0658743 -3.15208
1.525 2.0487 1.16389 0.064844 -3.15239
1.53 2.04902 1.14813 0.0638297 -3.15269
1.535 2.04934 1.13237 0.0628311 -3.15298
1.54 2.04965 1.1166 0.0618481 -3.15325
1.545 2.04995 1.10083 0.0608805 -3.15353
1.55 2.05026 1.08507 0.0599278 -3.15379
1.555 2.05055 1.0693 0.05899 -3.15404
1.56 2.05085 1.05352 0.0580669 -3.15429
1.565 2.05113 1.03775 0.0571581 -3.15453
1.57 2.05142 1.02198 0.0562634 -3.15476
1.575 2.0517 1.00621 0.0553827 -3.15499
1.58 2.05197 0.99043 0.0545158 -3.15521
1.585 2.05224 0.974653 0.0536623 -3.15542
1.59 2.05251 0.958876 0.0528222 -3.15563
1.595 2.05277 0.943097 0.0519951 -3.15583
1.6 2.05303 0.927317 0.051181 -3.15602
1.605 2.05328 0.911537 0.0503796 -3.15621
1.61 2.05353 0.895755 0.0495907 -3.15639
1.615 2.05378 0.879973 0.048814 -3.15657
1.62 2.05402 0.864189 0.0480496 -3.15674
1.625 2.05426 0.848405 0.047297 -3.15691
1.63 2.05449 0.83262 0.0465562 -3.15707
1.635 2.05472 0.816835 0.045827 -3.15723
1.64 2.05495 0.801048 0.0451091 -3.15738
1.645 2.05518 0.785261 0.0444025 -3.15753
1.65 2.0554 0.769473 0.0437069 -3.15767
1.655 2.05561 0.753684 0.0430222 -3.15781
1.66 2.05583 0.737895 0.0423482 -3.15794
1.665 2.05604 0.722105 0.0416847 -3.15807
1.67 2.05624 0.706314 0.0410316 -3.1582
1.675 2.05645 0.690523 0.0403887 -3.15832
1.68 2.05665 0.674731 0.0397558 -3.15844
1.685 2.05684 0.658938 0.0391329 -3.15856
1.69 2.05704 0.643145 0.0385196 -3.15867
1.695 2.05723 0.627352 0.037916 -3.15878
1.7 2.05742 0.611558 0.0373218 -3.15888
1.705 2.0576 0.595763 0.0367369 -3.15899
1.71 2.05778 0.579968 0.0361612 -3.15908
1.715 2.05796 0.564172 0.0355944 -3.15918
1.72 2.05814 0.548376 0.0350366 -3.15927
1.725 2.05831 0.532579 0.0344874 -3.15936
1.73 2.05849 0.516782 0.0339469 -3.15945
1.735 2.05865 0.500985 0.0334148 -3.15954
1.74 2.05882 0.485187 0.032891 -3.15962
1.745 2.05898 0.469389 0.0323754 -3.1597
1.75 2.05914 0.45359 0.031868 -3.15978
1.755 2.0593 0.437791 0.0313684 -3.15985
1.76 2.05946 0.421991 0.0308767 -3.15993
1.765 2.05961 0.406192 0.0303926 -3.16
1.77 2.05976 0.390391 0.0299162 -3.16007
1.775 2.05991 0.374591 0.0294472 -3.16013
1.78 2.06006 0.35879 0.0289855 -3.1602
1.785 2.0602 0.342989 0.0285311 -3.16026
1.79 2.06034 0.327187 0.0280838 -3.16032
1.795 2.06048 0.311386 0.0276435 -3.16038
1.8 2.06062 0.295584 0.0272101 -3.16044
1.805 2.06075 0.279781 0.0267835 -3.16049
1.81 2.06089 0.263979 0.0263635 -3.16055
1.815 2.06102 0.248176 0.0259502 -3.1606
1.82 2.06114 0.232373 0.0255433 -3.16065
1.825 2.06127 0.216569 0.0251428 -3.1607
1.83 2.0614 0.200766 0.0247485 -3.16075
1.835 2.06152 0.184962 0.0243605 -3.16079
1.84 2.06164 0.169158 0.0239785 -3.16084
1.845 2.06176 0.153354 0.0236025 -3.16088
1.85 2.06188 0.137549 0.0232324 -3.16092
1.855 2.06199 0.121744 0.0228681 -3.16096
1.86 2.0621 0.105939 0.0225095 -3.161
1.865 2.06222 0.0901343 0.0221565 -3.16104
1.87 2.06233 0.074329 0.0218091 -3.16108
1.875 2.06243 0.0585235 0.0214671 -3.16111
1.88 2.06254 0.0427179 0.0211304 -3.16115
1.885 2.06265 0.0269121 0.0207991 -3.16118
1.89 2.06275 0.011106 0.0204729 -3.16122
