0 0 0 150 259.808
0.005 0.380456 0.658877 44.6145 77.2394
0.01 0.564524 0.977435 30.8586 53.3819
0.015 0.698945 1.20985 23.5899 40.7637
0.02 0.804846 1.39273 19.0956 32.9523
0.025 0.89224 1.54343 16.0426 27.6379
0.03 0.966654 1.67151 13.8338 23.7861
0.035 1.03146 1.78282 12.162 20.8645
0.04 1.08887 1.88119 10.8527 18.5711
0.045 1.14041 1.96926 9.79985 16.7218
0.05 1.18718 2.04895 8.93497 15.1983
0.055 1.23 2.12165 8.21199 13.9205
0.06 1.26948 2.18847 7.59877 12.8329
0.065 1.30613 2.25023 7.07218 11.8953
0.07 1.34032 2.30762 6.61517 11.0782
0.075 1.37237 2.36118 6.2149 10.3594
0.08 1.40255 2.41135 5.86149 9.72175
0.085 1.43105 2.45851 5.54723 9.15187
0.09 1.45807 2.50296 5.26602 8.6392
0.095 1.48376 2.54498 5.01297 8.17525
0.1 1.50824 2.58478 4.78409 7.75313
0.105 1.53164 2.62257 4.57614 7.3672
0.11 1.55404 2.65851 4.3864 7.01278
0.115 1.57553 2.69275 4.21262 6.68594
0.12 1.59619 2.72541 4.05292 6.38342
0.125 1.61608 2.75662 3.90568 6.10241
0.13 1.63526 2.78647 3.76952 5.84055
0.135 1.65379 2.81505 3.64328 5.59579
0.14 1.67171 2.84245 3.52593 5.36636
0.145 1.68906 2.86874 3.4166 5.15073
0.15 1.70589 2.89398 3.31452 4.94758
0.155 1.72222 2.91823 3.21901 4.75573
0.16 1.73809 2.94155 3.12947 4.57415
0.165 1.75352 2.96399 3.0454 4.40193
0.17 1.76855 2.98558 2.96632 4.23828
0.175 1.78319 3.00638 2.89182 4.08245
0.18 1.79747 3.02642 2.82153 3.93383
0.185 1.81141 3.04573 2.75512 3.79183
0.19 1.82503 3.06435 2.6923 3.65594
0.195 1.83834 3.0823 2.6328 3.5257
0.2 1.85136 3.09962 2.57637 3.40067
0.205 1.86411 3.11632 2.52281 3.28049
0.21 1.8766 3.13243 2.47191 3.1648
0.215 1.88883 3.14797 2.42349 3.0533
0.22 1.90084 3.16297 2.37738 2.94569
0.225 1.91261 3.17743 2.33344 2.84171
0.23 1.92417 3.19139 2.29154 2.74112
0.235 1.93553 3.20485 2.25153 2.6437
0.24 1.94669 3.21783 2.21331 2.54925
0.245 1.95767 3.23035 2.17678 2.45758
0.25 1.96846 3.24241 2.14182 2.36851
0.255 1.97909 3.25404 2.10835 2.28189
0.26 1.98955 3.26523 2.07629 2.19757
0.265 1.99985 3.27602 2.04555 2.11541
0.27 2.01001 3.28639 2.01607 2.03528
0.275 2.02002 3.29637 1.98778 1.95707
0.28 2.02989 3.30597 1.9606 1.88065
0.285 2.03962 3.31518 1.93449 1.80594
0.29 2.04923 3.32403 1.90939 1.73283
0.295 2.05872 3.33251 1.88524 1.66123
0.3 2.06809 3.34064 1.862 1.59106
0.305 2.07734 3.34843 1.83962 1.52224
0.31 2.08648 3.35587 1.81806 1.45469
0.315 2.09552 3.36297 1.79728 1.38834
0.32 2.10446 3.36975 1.77723 1.32314
0.325 2.1133 3.37621 1.75789 1.25901
0.33 2.12204 3.38234 1.73921 1.1959
0.335 2.13069 3.38817 1.72117 1.13375
0.34 2.13925 3.39368 1.70373 1.07251
0.345 2.14773 3.39889 1.68686 1.01214
0.35 2.15612 3.40381 1.67053 0.952587
0.355 2.16443 3.40842 1.65473 0.893808
0.36 2.17267 3.41275 1.63941 0.835764
0.365 2.18083 3.41678 1.62455 0.778416
0.37 2.18891 3.42053 1.61013 0.72173
0.375 2.19693 3.424 1.59613 0.665671
0.38 2.20488 3.42719 1.58252 0.610208
0.385 2.21276 3.4301 1.56928 0.555311
0.39 2.22057 3.43274 1.55639 0.500955
0.395 2.22832 3.43511 1.54383 0.447113
0.4 2.23601 3.43721 1.53157 0.393761
0.405 2.24364 3.43905 1.5196 0.340879
0.41 2.25121 3.44062 1.5079 0.288446
0.415 2.25872 3.44194 1.49645 0.236445
0.42 2.26617 3.44299 1.48522 0.184859
0.425 2.27357 3.44379 1.47421 0.133674
0.43 2.28091 3.44433 1.46339 0.0828761
0.435 2.2882 3.44461 1.45276 0.0324553
0.44 2.29544 3.44465 1.44228 -0.0175985
0.445 2.30263 3.44444 1.43195 -0.0672933
0.45 2.30976 3.44398 1.42175 -0.116636
0.455 2.31684 3.44327 1.41166 -0.165631
0.46 2.32388 3.44232 1.40168 -0.214283
0.465 2.33086 3.44113 1.39178 -0.262593
0.47 2.33779 3.4397 1.38196 -0.310564
0.475 2.34468 3.43803 1.3722 -0.358194
0.48 2.35152 3.43612 1.3625 -0.405483
0.485 2.35831 3.43397 1.35283 -0.452429
0.49 2.36505 3.43159 1.3432 -0.499028
0.495 2.37174 3.42898 1.33358 -0.545277
0.5 2.37838 3.42614 1.32398 -0.59117
0.505 2.38498 3.42307 1.31438 -0.636703
0.51 2.39152 3.41977 1.30478 -0.681869
0.515 2.39802 3.41625 1.29517 -0.726662
0.52 2.40448 3.41251 1.28554 -0.771075
0.525 2.41088 3.40854 1.2759 -0.815101
0.53 2.41724 3.40436 1.26623 -0.858732
0.535 2.42354 3.39996 1.25652 -0.90196
0.54 2.4298 3.39534 1.24679 -0.944778
0.545 2.43601 3.39051 1.23702 -0.987178
0.55 2.44217 3.38547 1.22721 -1.02915
0.555 2.44828 3.38022 1.21736 -1.07069
0.56 2.45434 3.37476 1.20747 -1.11179
0.565 2.46036 3.3691 1.19754 -1.15244
0.57 2.46632 3.36324 1.18757 -1.19264
0.575 2.47223 3.35718 1.17756 -1.23237
0.58 2.4781 3.35092 1.1675 -1.27163
0.585 2.48391 3.34446 1.1574 -1.31041
0.59 2.48967 3.33781 1.14726 -1.34871
0.595 2.49538 3.33097 1.13709 -1.38653
0.6 2.50104 3.32395 1.12688 -1.42385
0.605 2.50665 3.31674 1.11663 -1.46067
0.61 2.51221 3.30934 1.10635 -1.49699
0.615 2.51771 3.30177 1.09603 -1.53281
0.62 2.52317 3.29401 1.08569 -1.56811
0.625 2.52857 3.28609 1.07533 -1.6029
0.63 2.53392 3.27799 1.06494 -1.63717
0.635 2.53922 3.26972 1.05453 -1.67092
0.64 2.54447 3.26128 1.0441 -1.70415
0.645 2.54966 3.25268 1.03366 -1.73686
0.65 2.5548 3.24391 1.02321 -1.76905
0.655 2.55989 3.23499 1.01275 -1.80071
0.66 2.56493 3.2259 1.00229 -1.83185
0.665 2.56991 3.21667 0.991826 -1.86246
0.67 2.57485 3.20728 0.981363 -1.89255
0.675 2.57973 3.19774 0.970906 -1.92211
0.68 2.58456 3.18806 0.960457 -1.95116
0.685 2.58933 3.17823 0.95002 -1.97968
0.69 2.59406 3.16826 0.939597 -2.00769
0.695 2.59873 3.15816 0.929193 -2.03518
0.7 2.60335 3.14791 0.91881 -2.06216
0.705 2.60792 3.13754 0.908451 -2.08862
0.71 2.61243 3.12703 0.89812 -2.11458
0.715 2.6169 3.11639 0.887818 -2.14004
0.72 2.62131 3.10563 0.877551 -2.165
0.725 2.62567 3.09474 0.867319 -2.18947
0.73 2.62998 3.08373 0.857126 -2.21344
0.735 2.63424 3.07261 0.846975 -2.23693
0.74 2.63845 3.06137 0.836868 -2.25994
0.745 2.64261 3.05001 0.826808 -2.28247
0.75 2.64672 3.03854 0.816797 -2.30453
0.755 2.65078 3.02697 0.806838 -2.32613
0.76 2.65479 3.01528 0.796933 -2.34726
0.765 2.65875 3.00349 0.787084 -2.36794
0.77 2.66266 2.9916 0.777293 -2.38818
0.775 2.66652 2.97961 0.767563 -2.40797
0.78 2.67034 2.96752 0.757895 -2.42732
0.785 2.6741 2.95534 0.748291 -2.44624
0.79 2.67782 2.94306 0.738753 -2.46474
0.795 2.68149 2.93069 0.729283 -2.48283
0.8 2.68511 2.91823 0.719882 -2.5005
0.805 2.68869 2.90569 0.710552 -2.51776
0.81 2.69222 2.89306 0.701294 -2.53463
0.815 2.6957 2.88034 0.692109 -2.55111
0.82 2.69914 2.86755 0.682999 -2.5672
0.825 2.70253 2.85467 0.673966 -2.58291
0.83 2.70588 2.84172 0.665009 -2.59826
0.835 2.70918 2.82869 0.65613 -2.61323
0.84 2.71244 2.81559 0.647331 -2.62785
0.845 2.71566 2.80241 0.638611 -2.64211
0.85 2.71883 2.78917 0.629972 -2.65603
0.855 2.72196 2.77585 0.621415 -2.66961
0.86 2.72504 2.76247 0.61294 -2.68286
0.865 2.72809 2.74902 0.604547 -2.69578
0.87 2.73109 2.73551 0.596238 -2.70839
0.875 2.73405 2.72194 0.588012 -2.72068
0.88 2.73697 2.70831 0.579871 -2.73266
0.885 2.73985 2.69461 0.571814 -2.74434
0.89 2.74269 2.68086 0.563841 -2.75573
0.895 2.74549 2.66706 0.555954 -2.76683
0.9 2.74825 2.6532 0.548152 -2.77765
0.905 2.75097 2.63928 0.540435 -2.78819
0.91 2.75365 2.62531 0.532803 -2.79846
0.915 2.7563 2.6113 0.525256 -2.80847
0.92 2.7589 2.59723 0.517795 -2.81822
0.925 2.76147 2.58312 0.51042 -2.82772
0.93 2.76401 2.56895 0.503129 -2.83697
0.935 2.76651 2.55475 0.495923 -2.84598
0.94 2.76897 2.54049 0.488802 -2.85476
0.945 2.77139 2.5262 0.481766 -2.8633
0.95 2.77378 2.51186 0.474814 -2.87162
0.955 2.77614 2.49748 0.467946 -2.87972
0.96 2.77846 2.48307 0.461161 -2.88761
0.965 2.78075 2.46861 0.45446 -2.89528
0.97 2.78301 2.45411 0.447842 -2.90276
0.975 2.78523 2.43958 0.441307 -2.91003
0.98 2.78742 2.42501 0.434853 -2.91711
0.985 2.78958 2.41041 0.428481 -2.92399
0.99 2.79171 2.39577 0.42219 -2.9307
0.995 2.7938 2.3811 0.41598 -2.93722
1 2.79587 2.3664 0.40985 -2.94357
1.005 2.7979 2.35167 0.403799 -2.94974
1.01 2.79991 2.3369 0.397828 -2.95575
1.015 2.80188 2.32211 0.391934 -2.96159
1.02 2.80383 2.30729 0.386119 -2.96727
1.025 2.80574 2.29244 0.38038 -2.9728
1.03 2.80763 2.27756 0.374718 -2.97818
1.035 2.80949 2.26266 0.369132 -2.98341
1.04 2.81132 2.24773 0.363622 -2.98849
1.045 2.81312 2.23277 0.358185 -2.99344
1.05 2.8149 2.21779 0.352823 -2.99825
1.055 2.81665 2.20279 0.347534 -3.00292
1.06 2.81838 2.18776 0.342317 -3.00747
1.065 2.82008 2.17272 0.337172 -3.01189
1.07 2.82175 2.15764 0.332098 -3.01619
1.075 2.8234 2.14255 0.327094 -3.02037
1.08 2.82502 2.12744 0.32216 -3.02443
1.085 2.82662 2.11231 0.317295 -3.02838
1.09 2.82819 2.09716 0.312499 -3.03222
1.095 2.82974 2.08199 0.307769 -3.03595
1.1 2.83127 2.0668 0.303107 -3.03958
1.105 2.83278 2.05159 0.29851 -3.0431
1.11 2.83426 2.03637 0.293979 -3.04653
1.115 2.83572 2.02113 0.289512 -3.04986
1.12 2.83715 2.00587 0.285109 -3.0531
1.125 2.83857 1.9906 0.280769 -3.05624
1.13 2.83996 1.97531 0.276492 -3.0593
1.135 2.84133 1.96 0.272276 -3.06227
1.14 2.84268 1.94468 0.268121 -3.06515
1.145 2.84401 1.92935 0.264026 -3.06796
1.15 2.84532 1.914 0.259991 -3.07068
1.155 2.84661 1.89864 0.256014 -3.07333
1.16 2.84788 1.88327 0.252095 -3.0759
1.165 2.84913 1.86789 0.248233 -3.0784
1.17 2.85037 1.85249 0.244428 -3.08083
1.175 2.85158 1.83708 0.240679 -3.08319
1.18 2.85277 1.82166 0.236985 -3.08548
1.185 2.85395 1.80622 0.233345 -3.08771
1.19 2.85511 1.79078 0.229759 -3.08987
1.195 2.85625 1.77532 0.226226 -3.09197
1.2 2.85737 1.75986 0.222745 -3.09401
1.205 2.85847 1.74438 0.219316 -3.096
1.21 2.85956 1.7289 0.215938 -3.09792
1.215 2.86063 1.71341 0.21261 -3.09979
1.22 2.86169 1.6979 0.209332 -3.10161
1.225 2.86273 1.68239 0.206102 -3.10337
1.23 2.86375 1.66687 0.202921 -3.10509
1.235 2.86476 1.65134 0.199788 -3.10675
1.24 2.86575 1.6358 0.196701 -3.10837
1.245 2.86672 1.62025 0.193661 -3.10994
1.25 2.86768 1.6047 0.190667 -3.11147
1.255 2.86863 1.58914 0.187717 -3.11295
1.26 2.86956 1.57357 0.184812 -3.11439
1.265 2.87048 1.558 0.181951 -3.11578
1.27 2.87138 1.54241 0.179133 -3.11714
1.275 2.87227 1.52682 0.176358 -3.11846
1.28 2.87314 1.51123 0.173625 -3.11974
1.285 2.87401 1.49563 0.170933 -3.12098
1.29 2.87485 1.48002 0.168282 -3.12219
1.295 2.87569 1.46441 0.165671 -3.12336
1.3 2.87651 1.44879 0.1631 -3.1245
1.305 2.87732 1.43316 0.160568 -3.1256
1.31 2.87812 1.41753 0.158074 -3.12667
1.315 2.8789 1.40189 0.155619 -3.12772
1.32 2.87967 1.38625 0.153201 -3.12873
1.325 2.88043 1.37061 0.15082 -3.12971
1.33 2.88118 1.35496 0.148475 -3.13066
1.335 2.88192 1.3393 0.146166 -3.13159
1.34 2.88264 1.32364 0.143892 -3.13249
1.345 2.88336 1.30798 0.141654 -3.13336
1.35 2.88406 1.29231 0.139449 -3.13421
1.355 2.88475 1.27663 0.137279 -3.13503
1.36 2.88543 1.26096 0.135141 -3.13583
1.365 2.8861 1.24528 0.133037 -3.13661
1.37 2.88676 1.22959 0.130964 -3.13736
1.375 2.88741 1.2139 0.128924 -3.13809
1.38 2.88805 1.19821 0.126915 -3.1388
1.385 2.88868 1.18251 0.124937 -3.13949
1.39 2.8893 1.16681 0.122989 -3.14016
1.395 2.88991 1.15111 0.121072 -3.14081
1.4 2.89051 1.13541 0.119184 -3.14144
1.405 2.8911 1.1197 0.117325 -3.14205
1.41 2.89168 1.10399 0.115495 -3.14264
1.415 2.89226 1.08827 0.113693 -3.14322
1.42 2.89282 1.07255 0.111919 -3.14378
1.425 2.89338 1.05683 0.110172 -3.14433
1.43 2.89392 1.04111 0.108452 -3.14485
1.435 2.89446 1.02539 0.106759 -3.14537
1.44 2.89499 1.00966 0.105092 -3.14586
1.445 2.89551 0.993927 0.103451 -3.14635
1.45 2.89603 0.978194 0.101835 -3.14682
1.455 2.89653 0.962459 0.100245 -3.14727
1.46 2.89703 0.946721 0.0986787 -3.14771
1.465 2.89752 0.930981 0.0971369 -3.14814
1.47 2.898 0.91524 0.0956191 -3.14856
1.475 2.89847 0.899496 0.0941248 -3.14896
1.48 2.89894 0.88375 0.0926537 -3.14935
1.485 2.8994 0.868002 0.0912054 -3.14973
1.49 2.89985 0.852253 0.0897797 -3.1501
1.495 2.9003 0.836501 0.088376 -3.15046
1.5 2.90074 0.820748 0.0869942 -3.15081
1.505 2.90117 0.804993 0.0856339 -3.15115
1.51 2.90159 0.789237 0.0842947 -3.15148
1.515 2.90201 0.773478 0.0829763 -3.1518
1.52 2.90242 0.757719 0.0816784 -3.1521
1.525 2.90283 0.741957 0.0804007 -3.1524
1.53 2.90323 0.726195 0.0791429 -3.1527
1.535 2.90362 0.710431 0.0779047 -3.15298
1.54 2.90401 0.694665 0.0766857 -3.15325
1.545 2.90439 0.678898 0.0754858 -3.15352
1.55 2.90476 0.66313 0.0743045 -3.15378
1.555 2.90513 0.64736 0.0731416 -3.15403
1.56 2.90549 0.631589 0.0719969 -3.15427
1.565 2.90585 0.615818 0.07087 -3.15451
1.57 2.9062 0.600044 0.0697606 -3.15474
1.575 2.90655 0.58427 0.0686686 -3.15496
1.58 2.90689 0.568495 0.0675936 -3.15518
1.585 2.90722 0.552718 0.0665353 -3.15539
1.59 2.90755 0.536941 0.0654936 -3.15559
1.595 2.90788 0.521163 0.0644681 -3.15579
1.6 2.9082 0.505383 0.0634586 -3.15598
1.605 2.90851 0.489603 0.0624649 -3.15616
1.61 2.90882 0.473821 0.0614866 -3.15635
1.615 2.90913 0.458039 0.0605237 -3.15652
1.62 2.90943 0.442256 0.0595758 -3.15669
1.625 2.90972 0.426472 0.0586426 -3.15686
1.63 2.91001 0.410688 0.0577241 -3.15702
1.635 2.9103 0.394902 0.0568199 -3.15717
1.64 2.91058 0.379116 0.0559298 -3.15732
1.645 2.91086 0.363329 0.0550537 -3.15747
1.65 2.91113 0.347541 0.0541912 -3.15761
1.655 2.9114 0.331753 0.0533422 -3.15775
1.66 2.91167 0.315964 0.0525065 -3.15788
1.665 2.91193 0.300174 0.0516838 -3.15801
1.67 2.91218 0.284384 0.050874 -3.15814
1.675 2.91244 0.268593 0.0500769 -3.15826
1.68 2.91268 0.252801 0.0492922 -3.15838
1.685 2.91293 0.237009 0.0485198 -3.1585
1.69 2.91317 0.221216 0.0477594 -3.15861
1.695 2.91341 0.205423 0.047011 -3.15872
1.7 2.91364 0.189629 0.0462743 -3.15882
1.705 2.91387 0.173835 0.0455491 -3.15892
1.71 2.9141 0.15804 0.0448352 -3.15902
1.715 2.91432 0.142244 0.0441325 -3.15912
1.72 2.91454 0.126449 0.0434408 -3.15921
1.725 2.91475 0.110652 0.0427599 -3.1593
1.73 2.91496 0.0948555 0.0420897 -3.15939
1.735 2.91517 0.0790583 0.04143 -3.15948
1.74 2.91538 0.0632607 0.0407806 -3.15956
1.745 2.91558 0.0474627 0.0401413 -3.15964
1.75 2.91578 0.0316643 0.0395121 -3.15972
1.755 2.91598 0.0158655 0.0388927 -3.1598
1.76 2.91617 6.63385e-05 0.038283 -3.15987
