0 0 0 259.808 150
0.005 0.658963 0.38036 77.2723 44.5779
0.01 0.977759 0.56416 53.4433 30.7887
0.015 1.21055 0.698155 40.8503 23.4897
0.02 1.39392 0.803482 33.063 18.9667
0.025 1.54523 0.89016 27.7721 15.8855
0.03 1.67404 0.96372 23.9435 13.649
0.035 1.78619 1.02753 21.0448 11.9497
0.04 1.88552 1.08381 18.7743 10.6131
0.045 1.97467 1.13409 16.9478 9.53304
0.05 2.05554 1.17946 15.447 8.64103
0.055 2.12955 1.22073 14.1919 7.89098
0.06 2.19777 1.25855 13.127 7.25071
0.065 2.26106 1.29339 12.212 6.69709
0.07 2.32009 1.32563 11.4176 6.21306
0.075 2.3754 1.35561 10.7215 5.78576
0.08 2.42744 1.38357 10.1064 5.4053
0.085 2.47658 1.40973 9.55921 5.06398
0.09 2.52313 1.43427 9.06921 4.75568
0.095 2.56735 1.45733 8.62795 4.47551
0.1 2.60948 1.47906 8.22853 4.21948
0.105 2.6497 1.49956 7.86532 3.98433
0.11 2.68818 1.51893 7.53363 3.76737
0.115 2.72508 1.53726 7.22957 3.56632
0.12 2.76052 1.55462 6.94983 3.37929
0.125 2.79462 1.57108 6.69164 3.20468
0.13 2.82747 1.58669 6.45262 3.0411
0.135 2.85917 1.6015 6.23072 2.88738
0.14 2.8898 1.61557 6.02419 2.7425
0.145 2.91944 1.62894 5.8315 2.60558
0.15 2.94814 1.64164 5.65131 2.47584
0.155 2.97597 1.65371 5.48246 2.35261
0.16 3.00298 1.66518 5.32391 2.2353
0.165 3.02922 1.67607 5.17476 2.12338
0.17 3.05474 1.68642 5.03421 2.01638
0.175 3.07958 1.69624 4.90153 1.9139
0.18 3.10377 1.70557 4.77609 1.81556
0.185 3.12735 1.71441 4.65732 1.72103
0.19 3.15035 1.72278 4.54469 1.63001
0.195 3.17281 1.73071 4.43774 1.54224
0.2 3.19474 1.73821 4.33607 1.45748
0.205 3.21617 1.74529 4.23927 1.3755
0.21 3.23714 1.75197 4.14702 1.29611
0.215 3.25765 1.75826 4.05899 1.21913
0.22 3.27774 1.76416 3.9749 1.14439
0.225 3.29741 1.7697 3.89449 1.07175
0.23 3.31669 1.77488 3.81752 1.00106
0.235 3.33559 1.77972 3.74376 0.9322
0.24 3.35413 1.78421 3.67301 0.865057
0.245 3.37232 1.78837 3.6051 0.799523
0.25 3.39018 1.79221 3.53983 0.735502
0.255 3.40773 1.79573 3.47707 0.672903
0.26 3.42496 1.79894 3.41664 0.611644
0.265 3.4419 1.80185 3.35843 0.551648
0.27 3.45855 1.80446 3.3023 0.492846
0.275 3.47492 1.80678 3.24813 0.435172
0.28 3.49103 1.80881 3.19582 0.378566
0.285 3.50688 1.81056 3.14525 0.322971
0.29 3.52249 1.81204 3.09634 0.268337
0.295 3.53785 1.81325 3.04899 0.214616
0.3 3.55298 1.81419 3.00312 0.161763
0.305 3.56788 1.81487 2.95865 0.109738
0.31 3.58257 1.81529 2.9155 0.0585022
0.315 3.59704 1.81545 2.87361 0.00802082
0.32 3.61131 1.81537 2.8329 -0.0417387
0.325 3.62537 1.81504 2.79332 -0.0908063
0.33 3.63924 1.81446 2.75482 -0.13921
0.335 3.65292 1.81365 2.71732 -0.186975
0.34 3.66641 1.81259 2.68079 -0.234125
0.345 3.67973 1.81131 2.64516 -0.280681
0.35 3.69287 1.80979 2.61041 -0.326665
0.355 3.70583 1.80804 2.57648 -0.372093
0.36 3.71863 1.80607 2.54332 -0.416984
0.365 3.73127 1.80387 2.51092 -0.461351
0.37 3.74374 1.80146 2.47921 -0.50521
0.375 3.75606 1.79882 2.44818 -0.548573
0.38 3.76823 1.79597 2.41778 -0.591451
0.385 3.78024 1.79291 2.38799 -0.633854
0.39 3.79211 1.78963 2.35877 -0.675793
0.395 3.80383 1.78615 2.3301 -0.717275
0.4 3.81541 1.78246 2.30195 -0.758308
0.405 3.82685 1.77857 2.2743 -0.798899
0.41 3.83815 1.77447 2.24712 -0.839052
0.415 3.84932 1.77018 2.22039 -0.878774
0.42 3.86036 1.76569 2.19409 -0.918069
0.425 3.87126 1.761 2.1682 -0.95694
0.43 3.88204 1.75612 2.1427 -0.995391
0.435 3.89269 1.75104 2.11757 -1.03342
0.44 3.90322 1.74578 2.0928 -1.07104
0.445 3.91362 1.74033 2.06837 -1.10824
0.45 3.9239 1.7347 2.04426 -1.14504
0.455 3.93406 1.72888 2.02046 -1.18142
0.46 3.94411 1.72289 1.99697 -1.21738
0.465 3.95403 1.71671 1.97375 -1.25294
0.47 3.96384 1.71036 1.95082 -1.28809
0.475 3.97354 1.70383 1.92815 -1.32283
0.48 3.98313 1.69713 1.90573 -1.35716
0.485 3.9926 1.69026 1.88356 -1.39108
0.49 4.00196 1.68322 1.86162 -1.42459
0.495 4.01122 1.67602 1.83992 -1.45768
0.5 4.02036 1.66865 1.81843 -1.49037
0.505 4.0294 1.66111 1.79716 -1.52264
0.51 4.03833 1.65342 1.7761 -1.5545
0.515 4.04716 1.64557 1.75524 -1.58595
0.52 4.05589 1.63756 1.73457 -1.61699
0.525 4.06451 1.6294 1.7141 -1.64761
0.53 4.07303 1.62109 1.69382 -1.67781
0.535 4.08145 1.61262 1.67372 -1.70761
0.54 4.08977 1.60401 1.6538 -1.73698
0.545 4.09799 1.59525 1.63405 -1.76595
0.55 4.10611 1.58635 1.61448 -1.7945
0.555 4.11413 1.57731 1.59508 -1.82263
0.56 4.12206 1.56813 1.57585 -1.85035
0.565 4.12989 1.55881 1.55678 -1.87766
0.57 4.13763 1.54935 1.53787 -1.90455
0.575 4.14527 1.53976 1.51913 -1.93104
0.58 4.15282 1.53004 1.50055 -1.95711
0.585 4.16027 1.52019 1.48213 -1.98277
0.59 4.16764 1.51021 1.46386 -2.00803
0.595 4.17491 1.50011 1.44575 -2.03287
0.6 4.1821 1.48988 1.42779 -2.05732
0.605 4.18919 1.47954 1.40999 -2.08135
0.61 4.1962 1.46907 1.39235 -2.10499
0.615 4.20311 1.45849 1.37485 -2.12823
0.62 4.20995 1.44779 1.35751 -2.15107
0.625 4.21669 1.43698 1.34032 -2.17352
0.63 4.22335 1.42606 1.32329 -2.19557
0.635 4.22992 1.41502 1.3064 -2.21723
0.64 4.23641 1.40388 1.28967 -2.23851
0.645 4.24282 1.39264 1.27308 -2.2594
0.65 4.24914 1.38129 1.25665 -2.27992
0.655 4.25539 1.36984 1.24037 -2.30005
0.66 4.26155 1.35829 1.22424 -2.31981
0.665 4.26763 1.34664 1.20826 -2.3392
0.67 4.27363 1.3349 1.19243 -2.35823
0.675 4.27955 1.32306 1.17675 -2.37689
0.68 4.2854 1.31113 1.16122 -2.39519
0.685 4.29117 1.29911 1.14584 -2.41313
0.69 4.29686 1.287 1.13061 -2.43073
0.695 4.30247 1.2748 1.11553 -2.44797
0.7 4.30801 1.26252 1.1006 -2.46487
0.705 4.31348 1.25016 1.08582 -2.48143
0.71 4.31887 1.23771 1.07119 -2.49766
0.715 4.32419 1.22518 1.05671 -2.51356
0.72 4.32944 1.21257 1.04237 -2.52913
0.725 4.33461 1.19989 1.02819 -2.54437
0.73 4.33972 1.18713 1.01416 -2.5593
0.735 4.34476 1.1743 1.00027 -2.57392
0.74 4.34972 1.16139 0.986535 -2.58823
0.745 4.35462 1.14841 0.972946 -2.60223
0.75 4.35945 1.13537 0.959505 -2.61594
0.755 4.36422 1.12226 0.946211 -2.62934
0.76 4.36892 1.10908 0.933064 -2.64246
0.765 4.37355 1.09583 0.920063 -2.65529
0.77 4.37812 1.08252 0.907208 -2.66784
0.775 4.38262 1.06915 0.894499 -2.68012
0.78 4.38706 1.05572 0.881934 -2.69212
0.785 4.39144 1.04223 0.869514 -2.70386
0.79 4.39576 1.02868 0.857238 -2.71533
0.795 4.40001 1.01508 0.845105 -2.72654
0.8 4.40421 1.00142 0.833114 -2.7375
0.805 4.40834 0.987705 0.821265 -2.74821
0.81 4.41242 0.973938 0.809558 -2.75867
0.815 4.41644 0.960119 0.79799 -2.7689
0.82 4.4204 0.946249 0.786563 -2.77889
0.825 4.42431 0.93233 0.775274 -2.78864
0.83 4.42815 0.918363 0.764123 -2.79817
0.835 4.43195 0.904349 0.753109 -2.80748
0.84 4.43569 0.890289 0.742231 -2.81657
0.845 4.43937 0.876183 0.731489 -2.82544
0.85 4.443 0.862034 0.720882 -2.83411
0.855 4.44658 0.847843 0.710408 -2.84257
0.86 4.45011 0.833609 0.700067 -2.85082
0.865 4.45358 0.819335 0.689857 -2.85888
0.87 4.457 0.805021 0.679778 -2.86675
0.875 4.46038 0.790668 0.669829 -2.87442
0.88 4.4637 0.776277 0.660008 -2.88191
0.885 4.46698 0.761849 0.650315 -2.88922
0.89 4.47021 0.747385 0.640749 -2.89635
0.895 4.47339 0.732886 0.631308 -2.9033
0.9 4.47652 0.718352 0.621991 -2.91009
0.905 4.47961 0.703785 0.612798 -2.9167
0.91 4.48265 0.689185 0.603727 -2.92316
0.915 4.48564 0.674554 0.594777 -2.92945
0.92 4.4886 0.659891 0.585948 -2.93559
0.925 4.4915 0.645198 0.577237 -2.94158
0.93 4.49437 0.630476 0.568644 -2.94741
0.935 4.49719 0.615724 0.560167 -2.9531
0.94 4.49997 0.600945 0.551806 -2.95865
0.945 4.50271 0.586138 0.543559 -2.96406
0.95 4.50541 0.571304 0.535425 -2.96933
0.955 4.50806 0.556445 0.527404 -2.97447
0.96 4.51068 0.54156 0.519493 -2.97948
0.965 4.51326 0.52665 0.511692 -2.98436
0.97 4.5158 0.511717 0.503999 -2.98912
0.975 4.5183 0.496759 0.496414 -2.99375
0.98 4.52076 0.481779 0.488934 -2.99827
0.985 4.52319 0.466777 0.48156 -3.00267
0.99 4.52558 0.451753 0.474289 -3.00696
0.995 4.52793 0.436708 0.467122 -3.01113
1 4.53025 0.421642 0.460055 -3.0152
1.005 4.53253 0.406556 0.453089 -3.01917
1.01 4.53478 0.39145 0.446222 -3.02303
1.015 4.53699 0.376326 0.439453 -3.02679
1.02 4.53917 0.361182 0.432781 -3.03045
1.025 4.54132 0.346021 0.426204 -3.03402
1.03 4.54344 0.330842 0.419722 -3.0375
1.035 4.54552 0.315646 0.413334 -3.04088
1.04 4.54757 0.300434 0.407037 -3.04418
1.045 4.54959 0.285205 0.400832 -3.04739
1.05 4.55158 0.26996 0.394717 -3.05051
1.055 4.55354 0.2547 0.388691 -3.05356
1.06 4.55547 0.239424 0.382752 -3.05652
1.065 4.55736 0.224135 0.3769 -3.05941
1.07 4.55923 0.208831 0.371133 -3.06221
1.075 4.56108 0.193513 0.365451 -3.06495
1.08 4.56289 0.178181 0.359853 -3.06761
1.085 4.56467 0.162837 0.354337 -3.0702
1.09 4.56643 0.147479 0.348901 -3.07272
1.095 4.56816 0.132109 0.343547 -3.07518
1.1 4.56987 0.116728 0.338271 -3.07757
1.105 4.57155 0.101334 0.333073 -3.07989
1.11 4.5732 0.0859287 0.327952 -3.08216
1.115 4.57483 0.0705124 0.322908 -3.08436
1.12 4.57643 0.0550852 0.317938 -3.08651
1.125 4.57801 0.0396475 0.313042 -3.08859
1.13 4.57956 0.0241994 0.308219 -3.09062
1.135 4.58109 0.0087413 0.303469 -3.0926
