0 0 0 192.836 229.813
0.005 0.489104 0.582798 57.3549 68.3176
0.01 0.725733 0.864546 39.67 47.2101
0.015 0.898535 1.07008 30.3248 36.0445
0.02 1.03467 1.23177 24.5465 29.1311
0.025 1.14701 1.36497 20.6211 24.4265
0.03 1.24265 1.47815 17.7809 21.0156
0.035 1.32595 1.57648 15.631 18.4276
0.04 1.39973 1.66334 13.9473 16.3954
0.045 1.46597 1.74108 12.5932 14.756
0.05 1.52606 1.81138 11.4807 13.4047
0.055 1.58108 1.87549 10.5507 12.2708
0.06 1.63181 1.93437 9.76177 11.3052
0.065 1.67888 1.98876 9.08422 10.4722
0.07 1.7228 2.03927 8.49612 9.74589
0.075 1.76396 2.08637 7.98095 9.10645
0.08 1.80271 2.13045 7.52601 8.53878
0.085 1.83931 2.17185 7.12141 8.03108
0.09 1.87399 2.21085 6.75929 7.57397
0.095 1.90696 2.24767 6.43336 7.15996
0.1 1.93838 2.28251 6.1385 6.78295
0.105 1.96839 2.31555 5.87053 6.43793
0.11 1.99712 2.34693 5.62597 6.12078
0.115 2.02468 2.3768 5.40193 5.82803
0.12 2.05117 2.40525 5.19596 5.55677
0.125 2.07667 2.4324 5.00601 5.30453
0.13 2.10125 2.45832 4.8303 5.06922
0.135 2.12499 2.48311 4.66732 4.84902
0.14 2.14795 2.50684 4.51577 4.64238
0.145 2.17017 2.52956 4.37451 4.44794
0.15 2.19171 2.55133 4.24255 4.26452
0.155 2.21261 2.57222 4.11903 4.09109
0.16 2.23291 2.59226 4.00318 3.92673
0.165 2.25265 2.6115 3.89434 3.77065
0.17 2.27186 2.62998 3.7919 3.62211
0.175 2.29058 2.64773 3.69533 3.48051
0.18 2.30883 2.66479 3.60416 3.34525
0.185 2.32663 2.6812 3.51796 3.21585
0.19 2.34401 2.69696 3.43636 3.09183
0.195 2.361 2.71212 3.35901 2.9728
0.2 2.37761 2.7267 3.28559 2.85837
0.205 2.39386 2.74071 3.21583 2.74821
0.21 2.40977 2.75419 3.14948 2.64202
0.215 2.42536 2.76714 3.08629 2.53951
0.22 2.44064 2.77959 3.02606 2.44044
0.225 2.45563 2.79155 2.96859 2.34456
0.23 2.47033 2.80304 2.9137 2.25168
0.235 2.48477 2.81407 2.86124 2.16159
0.24 2.49895 2.82466 2.81105 2.07411
0.245 2.51288 2.83482 2.763 1.98908
0.25 2.52658 2.84455 2.71695 1.90634
0.255 2.54006 2.85388 2.67278 1.82576
0.26 2.55331 2.86281 2.6304 1.7472
0.265 2.56636 2.87136 2.58969 1.67055
0.27 2.57921 2.87952 2.55056 1.59568
0.275 2.59187 2.88732 2.51292 1.52251
0.28 2.60434 2.89475 2.4767 1.45092
0.285 2.61664 2.90183 2.44181 1.38083
0.29 2.62876 2.90856 2.40818 1.31216
0.295 2.64072 2.91495 2.37574 1.24482
0.3 2.65252 2.92101 2.34444 1.17875
0.305 2.66417 2.92674 2.3142 1.11387
0.31 2.67567 2.93215 2.28498 1.05012
0.315 2.68702 2.93725 2.25672 0.987439
0.32 2.69824 2.94203 2.22938 0.925776
0.325 2.70932 2.9465 2.20289 0.865075
0.33 2.72027 2.95068 2.17723 0.805287
0.335 2.73109 2.95456 2.15234 0.746366
0.34 2.74179 2.95815 2.12818 0.68827
0.345 2.75237 2.96144 2.10472 0.630959
0.35 2.76284 2.96446 2.08192 0.574394
0.355 2.77319 2.96719 2.05975 0.518542
0.36 2.78344 2.96964 2.03816 0.46337
0.365 2.79358 2.97182 2.01714 0.408847
0.37 2.80361 2.97373 1.99664 0.354946
0.375 2.81354 2.97537 1.97664 0.301641
0.38 2.82338 2.97675 1.95711 0.248907
0.385 2.83311 2.97786 1.93802 0.196723
0.39 2.84276 2.97872 1.91934 0.145069
0.395 2.85231 2.97931 1.90106 0.0939249
0.4 2.86177 2.97966 1.88315 0.0432754
0.405 2.87114 2.97975 1.86559 -0.00689505
0.41 2.88042 2.97959 1.84834 -0.0566002
0.415 2.88962 2.97918 1.8314 -0.105852
0.42 2.89874 2.97853 1.81474 -0.154662
0.425 2.90777 2.97764 1.79834 -0.203038
0.43 2.91672 2.9765 1.78219 -0.25099
0.435 2.92559 2.97513 1.76626 -0.298523
0.44 2.93439 2.97352 1.75054 -0.345644
0.445 2.9431 2.97167 1.73502 -0.392357
0.45 2.95174 2.96959 1.71967 -0.438666
0.455 2.9603 2.96729 1.70449 -0.484572
0.46 2.96878 2.96475 1.68947 -0.530079
0.465 2.97719 2.96199 1.67457 -0.575187
0.47 2.98553 2.959 1.65981 -0.619895
0.475 2.99379 2.95579 1.64516 -0.664203
0.48 3.00198 2.95236 1.63062 -0.70811
0.485 3.0101 2.94871 1.61617 -0.751614
0.49 3.01814 2.94484 1.60181 -0.794713
0.495 3.02611 2.94076 1.58753 -0.837403
0.5 3.03402 2.93647 1.57331 -0.879681
0.505 3.04185 2.93196 1.55917 -0.921545
0.51 3.04961 2.92725 1.54507 -0.962989
0.515 3.0573 2.92234 1.53103 -1.00401
0.52 3.06492 2.91721 1.51704 -1.04461
0.525 3.07247 2.91189 1.50309 -1.08477
0.53 3.07995 2.90637 1.48918 -1.1245
0.535 3.08736 2.90065 1.4753 -1.16378
0.54 3.0947 2.89473 1.46145 -1.20263
0.545 3.10198 2.88862 1.44764 -1.24102
0.55 3.10918 2.88232 1.43385 -1.27896
0.555 3.11631 2.87583 1.42009 -1.31645
0.56 3.12338 2.86916 1.40635 -1.35347
0.565 3.13038 2.8623 1.39264 -1.39003
0.57 3.13731 2.85526 1.37895 -1.42612
0.575 3.14417 2.84804 1.36528 -1.46174
0.58 3.15096 2.84064 1.35164 -1.49688
0.585 3.15768 2.83307 1.33802 -1.53154
0.59 3.16434 2.82533 1.32443 -1.56573
0.595 3.17093 2.81741 1.31086 -1.59943
0.6 3.17745 2.80933 1.29732 -1.63265
0.605 3.1839 2.80109 1.28381 -1.66539
0.61 3.19029 2.79268 1.27033 -1.69763
0.615 3.1966 2.78411 1.25688 -1.72939
0.62 3.20286 2.77539 1.24346 -1.76066
0.625 3.20904 2.76651 1.23007 -1.79144
0.63 3.21516 2.75747 1.21673 -1.82173
0.635 3.22121 2.74829 1.20342 -1.85153
0.64 3.22719 2.73896 1.19015 -1.88085
0.645 3.23311 2.72948 1.17693 -1.90967
0.65 3.23896 2.71986 1.16375 -1.93801
0.655 3.24475 2.7101 1.15062 -1.96586
0.66 3.25047 2.7002 1.13754 -1.99323
0.665 3.25612 2.69017 1.12452 -2.02012
0.67 3.26171 2.68 1.11155 -2.04653
0.675 3.26724 2.66971 1.09863 -2.07246
0.68 3.2727 2.65928 1.08578 -2.09791
0.685 3.27809 2.64873 1.07298 -2.1229
0.69 3.28343 2.63805 1.06026 -2.14742
0.695 3.2887 2.62725 1.04759 -2.17147
0.7 3.2939 2.61634 1.035 -2.19507
0.705 3.29905 2.6053 1.02248 -2.2182
0.71 3.30413 2.59416 1.01003 -2.24089
0.715 3.30915 2.5829 0.99765 -2.26312
0.72 3.31411 2.57153 0.985352 -2.28492
0.725 3.319 2.56005 0.973132 -2.30627
0.73 3.32384 2.54846 0.960993 -2.32719
0.735 3.32861 2.53678 0.948937 -2.34768
0.74 3.33333 2.52499 0.936965 -2.36774
0.745 3.33798 2.5131 0.925078 -2.38739
0.75 3.34258 2.50112 0.91328 -2.40662
0.755 3.34711 2.48903 0.90157 -2.42544
0.76 3.35159 2.47686 0.889951 -2.44386
0.765 3.35601 2.4646 0.878424 -2.46188
0.77 3.36038 2.45224 0.866991 -2.47951
0.775 3.36468 2.4398 0.855651 -2.49675
0.78 3.36893 2.42728 0.844408 -2.51362
0.785 3.37313 2.41467 0.833261 -2.5301
0.79 3.37727 2.40198 0.822212 -2.54622
0.795 3.38135 2.38921 0.811262 -2.56198
0.8 3.38538 2.37636 0.800411 -2.57737
0.805 3.38936 2.36343 0.78966 -2.59242
0.81 3.39328 2.35043 0.779011 -2.60712
0.815 3.39715 2.33736 0.768464 -2.62148
0.82 3.40096 2.32422 0.758018 -2.63551
0.825 3.40473 2.31101 0.747676 -2.64921
0.83 3.40844 2.29773 0.737437 -2.66259
0.835 3.4121 2.28438 0.727302 -2.67565
0.84 3.41571 2.27097 0.717271 -2.6884
0.845 3.41927 2.2575 0.707345 -2.70085
0.85 3.42279 2.24396 0.697523 -2.713
0.855 3.42625 2.23037 0.687806 -2.72485
0.86 3.42966 2.21672 0.678193 -2.73642
0.865 3.43303 2.203 0.668686 -2.74771
0.87 3.43635 2.18924 0.659283 -2.75872
0.875 3.43962 2.17542 0.649986 -2.76946
0.88 3.44285 2.16154 0.640793 -2.77994
0.885 3.44603 2.14762 0.631705 -2.79016
0.89 3.44917 2.13364 0.622721 -2.80012
0.895 3.45226 2.11962 0.613842 -2.80984
0.9 3.45531 2.10555 0.605067 -2.81931
0.905 3.45831 2.09143 0.596395 -2.82854
0.91 3.46127 2.07726 0.587826 -2.83754
0.915 3.46419 2.06305 0.579361 -2.84632
0.92 3.46706 2.0488 0.570998 -2.85487
0.925 3.4699 2.0345 0.562736 -2.8632
0.93 3.47269 2.02017 0.554577 -2.87132
0.935 3.47544 2.00579 0.546518 -2.87924
0.94 3.47816 1.99137 0.53856 -2.88694
0.945 3.48083 1.97692 0.530702 -2.89445
0.95 3.48346 1.96243 0.522943 -2.90177
0.955 3.48606 1.9479 0.515283 -2.9089
0.96 3.48862 1.93334 0.50772 -2.91584
0.965 3.49114 1.91874 0.500255 -2.9226
0.97 3.49362 1.90412 0.492887 -2.92918
0.975 3.49607 1.88945 0.485615 -2.93559
0.98 3.49848 1.87476 0.478437 -2.94183
0.985 3.50085 1.86004 0.471355 -2.94791
0.99 3.50319 1.84528 0.464365 -2.95383
0.995 3.50549 1.8305 0.457469 -2.95959
1 3.50776 1.81569 0.450665 -2.9652
1.005 3.51 1.80085 0.443952 -2.97066
1.01 3.5122 1.78598 0.43733 -2.97597
1.015 3.51437 1.77109 0.430798 -2.98114
1.02 3.51651 1.75617 0.424354 -2.98618
1.025 3.51862 1.74122 0.417998 -2.99108
1.03 3.52069 1.72626 0.411729 -2.99584
1.035 3.52274 1.71127 0.405547 -3.00048
1.04 3.52475 1.69625 0.39945 -3.005
1.045 3.52673 1.68122 0.393438 -3.00939
1.05 3.52868 1.66616 0.387509 -3.01366
1.055 3.53061 1.65108 0.381663 -3.01782
1.06 3.5325 1.63598 0.375899 -3.02187
1.065 3.53436 1.62086 0.370216 -3.0258
1.07 3.5362 1.60572 0.364613 -3.02963
1.075 3.53801 1.59057 0.35909 -3.03335
1.08 3.53979 1.57539 0.353644 -3.03698
1.085 3.54155 1.5602 0.348277 -3.0405
1.09 3.54328 1.54498 0.342985 -3.04393
1.095 3.54498 1.52976 0.33777 -3.04726
1.1 3.54665 1.51451 0.332629 -3.0505
1.105 3.5483 1.49925 0.327563 -3.05365
1.11 3.54993 1.48398 0.322569 -3.05672
1.115 3.55153 1.46868 0.317648 -3.0597
1.12 3.55311 1.45338 0.312797 -3.0626
1.125 3.55466 1.43806 0.308018 -3.06542
1.13 3.55619 1.42272 0.303308 -3.06816
1.135 3.55769 1.40738 0.298666 -3.07082
1.14 3.55917 1.39202 0.294093 -3.07341
1.145 3.56063 1.37664 0.289586 -3.07593
1.15 3.56207 1.36126 0.285145 -3.07838
1.155 3.56348 1.34586 0.28077 -3.08076
1.16 3.56488 1.33045 0.276459 -3.08308
1.165 3.56625 1.31503 0.272212 -3.08533
1.17 3.5676 1.2996 0.268028 -3.08752
1.175 3.56893 1.28415 0.263905 -3.08964
1.18 3.57024 1.2687 0.259844 -3.09171
1.185 3.57153 1.25324 0.255843 -3.09372
1.19 3.5728 1.23776 0.251902 -3.09567
1.195 3.57405 1.22228 0.248019 -3.09757
1.2 3.57528 1.20679 0.244194 -3.09942
1.205 3.57649 1.19129 0.240427 -3.10121
1.21 3.57768 1.17578 0.236716 -3.10295
1.215 3.57886 1.16026 0.23306 -3.10465
1.22 3.58001 1.14473 0.229459 -3.1063
1.225 3.58115 1.12919 0.225913 -3.1079
1.23 3.58227 1.11365 0.222419 -3.10945
1.235 3.58337 1.0981 0.218979 -3.11096
1.24 3.58446 1.08254 0.21559 -3.11243
1.245 3.58553 1.06698 0.212252 -3.11386
1.25 3.58658 1.0514 0.208965 -3.11525
1.255 3.58762 1.03582 0.205728 -3.11659
1.26 3.58864 1.02024 0.202539 -3.1179
1.265 3.58965 1.00464 0.199399 -3.11918
1.27 3.59064 0.989045 0.196307 -3.12041
1.275 3.59161 0.97344 0.193261 -3.12161
1.28 3.59257 0.957829 0.190262 -3.12278
1.285 3.59351 0.942212 0.187309 -3.12392
1.29 3.59444 0.92659 0.1844 -3.12502
1.295 3.59536 0.910962 0.181536 -3.12609
1.3 3.59626 0.895329 0.178715 -3.12713
1.305 3.59714 0.879691 0.175938 -3.12814
1.31 3.59802 0.864047 0.173203 -3.12912
1.315 3.59888 0.848399 0.17051 -3.13008
1.32 3.59972 0.832747 0.167858 -3.131
1.325 3.60055 0.81709 0.165246 -3.1319
1.33 3.60137 0.801428 0.162675 -3.13278
1.335 3.60218 0.785762 0.160143 -3.13363
1.34 3.60298 0.770092 0.15765 -3.13445
1.345 3.60376 0.754417 0.155195 -3.13526
1.35 3.60453 0.738739 0.152778 -3.13604
1.355 3.60529 0.723057 0.150398 -3.13679
1.36 3.60603 0.707371 0.148055 -3.13753
1.365 3.60677 0.691682 0.145747 -3.13824
1.37 3.60749 0.675989 0.143476 -3.13894
1.375 3.6082 0.660292 0.141239 -3.13961
1.38 3.6089 0.644593 0.139037 -3.14027
1.385 3.60959 0.62889 0.136868 -3.1409
1.39 3.61027 0.613184 0.134733 -3.14152
1.395 3.61094 0.597475 0.132632 -3.14212
1.4 3.6116 0.581762 0.130562 -3.1427
1.405 3.61224 0.566048 0.128525 -3.14327
1.41 3.61288 0.55033 0.126519 -3.14382
1.415 3.61351 0.534609 0.124544 -3.14435
1.42 3.61413 0.518886 0.122599 -3.14487
1.425 3.61474 0.503161 0.120685 -3.14538
1.43 3.61533 0.487433 0.1188 -3.14587
1.435 3.61592 0.471702 0.116945 -3.14634
1.44 3.6165 0.455969 0.115118 -3.1468
1.445 3.61707 0.440234 0.11332 -3.14725
1.45 3.61764 0.424497 0.111549 -3.14769
1.455 3.61819 0.408757 0.109806 -3.14811
1.46 3.61873 0.393016 0.10809 -3.14852
1.465 3.61927 0.377272 0.106401 -3.14892
1.47 3.6198 0.361526 0.104738 -3.14931
1.475 3.62032 0.345779 0.1031 -3.14968
1.48 3.62083 0.33003 0.101489 -3.15005
1.485 3.62133 0.314279 0.0999017 -3.1504
1.49 3.62183 0.298526 0.0983396 -3.15075
1.495 3.62232 0.282771 0.0968017 -3.15108
1.5 3.6228 0.267015 0.0952877 -3.15141
1.505 3.62327 0.251257 0.0937973 -3.15172
1.51 3.62374 0.235498 0.09233 -3.15203
1.515 3.62419 0.219737 0.0908856 -3.15233
1.52 3.62464 0.203974 0.0894637 -3.15262
1.525 3.62509 0.188211 0.0880639 -3.1529
1.53 3.62552 0.172445 0.086686 -3.15317
1.535 3.62595 0.156679 0.0853294 -3.15344
1.54 3.62638 0.140911 0.0839941 -3.15369
1.545 3.62679 0.125142 0.0826795 -3.15394
1.55 3.6272 0.109372 0.0813854 -3.15419
1.555 3.62761 0.0936 0.0801115 -3.15442
1.56 3.62801 0.0778273 0.0788574 -3.15465
1.565 3.6284 0.0620535 0.0776229 -3.15487
1.57 3.62878 0.0462786 0.0764077 -3.15509
1.575 3.62916 0.0305027 0.0752114 -3.1553
1.58 3.62953 0.0147257 0.0740338 -3.1555
